>RI KE-AU (PB) MAX_DEPTH=25,25
 -1.77419E+02  -2.41051E+01
 -1.77448E+02  -2.42420E+01
 -1.77552E+02  -2.47196E+01
 -1.77657E+02  -2.51971E+01
 -1.77793E+02  -2.59755E+01
 -1.78017E+02  -2.67672E+01
 -1.78248E+02  -2.73765E+01
 -1.78482E+02  -2.79855E+01
 -1.78713E+02  -2.86927E+01
 -1.78966E+02  -2.94983E+01
 -1.79074E+02  -2.97924E+01
 -1.79226E+02  -3.03553E+01
 -1.79393E+02  -3.09968E+01
 -1.79515E+02  -3.13328E+01
 -1.79740E+02  -3.17510E+01
 +1.79980E+02  -3.23467E+01
 +1.79657E+02  -3.30187E+01
 +1.79345E+02  -3.36016E+01
 +1.78996E+02  -3.42460E+01
 +1.78681E+02  -3.47863E+01
 +1.78403E+02  -3.51612E+01
 +1.77890E+02  -3.59174E+01
 +1.77507E+02  -3.64610E+01
 +1.77049E+02  -3.71022E+01
 +1.76770E+02  -3.74850E+01
 +1.76509E+02  -3.78849E+01
 +1.76241E+02  -3.82869E+01
 +1.75995E+02  -3.86742E+01
 +1.75932E+02  -3.87623E+01
 +1.75609E+02  -3.92297E+01
 +1.76074E+02  -4.00461E+01
 +1.75868E+02  -4.03108E+01
 +1.75537E+02  -4.05983E+01
 +1.75324E+02  -4.07906E+01
 +1.75012E+02  -4.09786E+01
 +1.74632E+02  -4.11571E+01
>RI TO-NI (PB) MAX_DEPTH=0,25
 -1.73836E+02  -1.45338E+01
 -1.73905E+02  -1.46290E+01
 -1.74007E+02  -1.47666E+01
 -1.74077E+02  -1.48946E+01
>RI TO-NI (PB) MAX_DEPTH=25,25
 -1.74077E+02  -1.48946E+01
 -1.74139E+02  -1.50150E+01
 -1.74188E+02  -1.51330E+01
 -1.74264E+02  -1.53138E+01
 -1.74567E+02  -1.52505E+01
 -1.74667E+02  -1.53705E+01
 -1.74731E+02  -1.54708E+01
 -1.74822E+02  -1.56161E+01
 -1.74866E+02  -1.57392E+01
 -1.74870E+02  -1.58804E+01
 -1.74601E+02  -1.59358E+01
 -1.74568E+02  -1.60521E+01
 -1.74569E+02  -1.62008E+01
 -1.74576E+02  -1.63545E+01
 -1.74550E+02  -1.65967E+01
 -1.74535E+02  -1.67355E+01
 -1.74529E+02  -1.68742E+01
 -1.74523E+02  -1.70658E+01
 -1.74565E+02  -1.71007E+01
 -1.74599E+02  -1.73197E+01
 -1.74571E+02  -1.73603E+01
 -1.74597E+02  -1.76122E+01
 -1.74560E+02  -1.76301E+01
 -1.74568E+02  -1.78418E+01
 -1.74659E+02  -1.80351E+01
 -1.74757E+02  -1.82308E+01
 -1.74870E+02  -1.84163E+01
 -1.74956E+02  -1.86045E+01
 -1.75035E+02  -1.87878E+01
 -1.75095E+02  -1.90015E+01
 -1.75155E+02  -1.92253E+01
 -1.75189E+02  -1.94594E+01
 -1.75210E+02  -1.97037E+01
 -1.75979E+02  -1.93865E+01
>RI TO-AU (PB) MAX_DEPTH=25,25
 -1.75979E+02  -1.93865E+01
 -1.76027E+02  -1.96508E+01
 -1.76079E+02  -1.98141E+01
 -1.76122E+02  -1.98843E+01
 -1.76182E+02  -2.01056E+01
 -1.76116E+02  -2.01289E+01
 -1.76152E+02  -2.02647E+01
 -1.76159E+02  -2.04234E+01
 -1.76176E+02  -2.04939E+01
 -1.76190E+02  -2.06550E+01
 -1.76237E+02  -2.07958E+01
 -1.76264E+02  -2.08913E+01
 -1.76289E+02  -2.09995E+01
 -1.76322E+02  -2.11126E+01
 -1.76372E+02  -2.13012E+01
 -1.76405E+02  -2.14874E+01
 -1.76449E+02  -2.16005E+01
 -1.76520E+02  -2.18115E+01
 -1.76601E+02  -2.20074E+01
 -1.76635E+02  -2.22314E+01
 -1.76691E+02  -2.22864E+01
 -1.76709E+02  -2.25005E+01
 -1.76748E+02  -2.27345E+01
 -1.76913E+02  -2.30481E+01
 -1.77102E+02  -2.34144E+01
 -1.77250E+02  -2.37079E+01
 -1.77419E+02  -2.41051E+01
>RI BR-NH (PB) MAX_DEPTH=100,100
 +1.72571E+02  -1.34106E+01
 +1.72740E+02  -1.36927E+01
 +1.72881E+02  -1.39649E+01
 +1.73019E+02  -1.42940E+01
 +1.73139E+02  -1.45100E+01
 +1.73178E+02  -1.46687E+01
 +1.73210E+02  -1.47703E+01
 +1.73259E+02  -1.48973E+01
 +1.73294E+02  -1.49925E+01
 +1.73320E+02  -1.50814E+01
 +1.73346E+02  -1.51544E+01
 +1.73359E+02  -1.52337E+01
 +1.73388E+02  -1.53607E+01
 +1.73428E+02  -1.54369E+01
 +1.73464E+02  -1.55036E+01
 +1.73516E+02  -1.55671E+01
 +1.73539E+02  -1.56053E+01
 +1.73555E+02  -1.56973E+01
 +1.73400E+02  -1.57793E+01
 +1.73485E+02  -1.59223E+01
 +1.73531E+02  -1.60271E+01
 +1.73567E+02  -1.61509E+01
 +1.73455E+02  -1.62585E+01
 +1.73593E+02  -1.64967E+01
 +1.73669E+02  -1.66143E+01
 +1.73718E+02  -1.67127E+01
 +1.73788E+02  -1.67984E+01
 +1.73901E+02  -1.68493E+01
>RI AU-CR (PB) MAX_DEPTH=25,25
 +1.76184E+02  -1.65521E+01
 +1.76179E+02  -1.66696E+01
 +1.76148E+02  -1.68158E+01
 +1.76106E+02  -1.69654E+01
 +1.76065E+02  -1.70895E+01
 +1.76036E+02  -1.72389E+01
 +1.75986E+02  -1.75408E+01
 +1.75973E+02  -1.78043E+01
 +1.76336E+02  -1.78227E+01
 +1.76342E+02  -1.80384E+01
 +1.76300E+02  -1.81403E+01
 +1.76244E+02  -1.82425E+01
 +1.76215E+02  -1.83189E+01
 +1.76212E+02  -1.86107E+01
 +1.76136E+02  -1.87320E+01
 +1.76061E+02  -1.88945E+01
 +1.75975E+02  -1.90222E+01
 +1.75922E+02  -1.90798E+01
 +1.75900E+02  -1.91624E+01
 +1.75885E+02  -1.93274E+01
 +1.75839E+02  -1.94451E+01
 +1.75772E+02  -1.95471E+01
 +1.75559E+02  -1.97548E+01
 +1.75574E+02  -1.99765E+01
 +1.75590E+02  -2.01887E+01
>RI NH-PA (PB) MAX_DEPTH=100,100
 +1.72571E+02  -1.34106E+01
 +1.72434E+02  -1.34349E+01
 +1.72300E+02  -1.34814E+01
 +1.72163E+02  -1.35688E+01
 +1.71972E+02  -1.36778E+01
 +1.71619E+02  -1.37500E+01
 +1.71296E+02  -1.37934E+01
 +1.71295E+02  -1.40659E+01
 +1.71181E+02  -1.40834E+01
 +1.70945E+02  -1.40926E+01
 +1.70642E+02  -1.40878E+01
 +1.70638E+02  -1.39420E+01
 +1.70150E+02  -1.39744E+01
 +1.69739E+02  -1.39535E+01
 +1.69739E+02  -1.38236E+01
 +1.69622E+02  -1.38084E+01
 +1.69456E+02  -1.38111E+01
 +1.69231E+02  -1.37995E+01
 +1.69234E+02  -1.36507E+01
 +1.69026E+02  -1.36393E+01
>RI NH-PA (PB) MAX_DEPTH=100,0
 +1.69026E+02  -1.36393E+01
 +1.68792E+02  -1.36302E+01
 +1.68577E+02  -1.36024E+01
 +1.68596E+02  -1.35142E+01
 +1.68159E+02  -1.35147E+01
 +1.67157E+02  -1.36491E+01
 +1.66154E+02  -1.37794E+01
>RI CR-NH (PB) MAX_DEPTH=25,25
 +1.73901E+02  -1.68493E+01
 +1.73880E+02  -1.71634E+01
 +1.73744E+02  -1.74900E+01
 +1.73660E+02  -1.76802E+01
 +1.73550E+02  -1.79623E+01
 +1.73409E+02  -1.82380E+01
 +1.73251E+02  -1.85324E+01
 +1.73425E+02  -1.85203E+01
 +1.73447E+02  -1.87740E+01
 +1.73453E+02  -1.89992E+01
 +1.73439E+02  -1.92211E+01
 +1.73429E+02  -1.94303E+01
 +1.73398E+02  -1.96616E+01
 +1.73360E+02  -1.98896E+01
 +1.73335E+02  -2.00860E+01
 +1.73351E+02  -2.03774E+01
 +1.73384E+02  -2.06245E+01
 +1.73380E+02  -2.08367E+01
 +1.73383E+02  -2.09949E+01
 +1.73379E+02  -2.11405E+01
 +1.74119E+02  -2.11477E+01
 +1.74115E+02  -2.13565E+01
 +1.74112E+02  -2.15779E+01
 +1.74090E+02  -2.18407E+01
 +1.74056E+02  -2.22358E+01
 +1.74034E+02  -2.24881E+01
>RI PA-BR (PB) MAX_DEPTH=100,100
 +1.72571E+02  -1.34106E+01
 +1.73049E+02  -1.34895E+01
 +1.73671E+02  -1.35168E+01
 +1.73941E+02  -1.32954E+01
 +1.74482E+02  -1.33961E+01
 +1.74661E+02  -1.34146E+01
 +1.74784E+02  -1.33952E+01
 +1.74898E+02  -1.33345E+01
 +1.75314E+02  -1.32436E+01
 +1.75659E+02  -1.33265E+01
 +1.75947E+02  -1.34221E+01
 +1.76021E+02  -1.36431E+01
 +1.76256E+02  -1.36723E+01
 +1.76618E+02  -1.37312E+01
 +1.76966E+02  -1.38531E+01
 +1.77167E+02  -1.39483E+01
 +1.77417E+02  -1.40551E+01
>RI Andaman SU-BU (OB) MAX_DEPTH=25,0
 +9.64803E+01  +1.44000E+01
 +9.65031E+01  +1.41292E+01
 +9.58571E+01  +1.37825E+01
 +9.55046E+01  +1.29180E+01
 +9.51546E+01  +1.20530E+01
 +9.48068E+01  +1.11876E+01
 +9.44146E+01  +1.06790E+01
 +9.40238E+01  +1.01700E+01
 +9.42164E+01  +9.71684E+00
 +9.44146E+01  +9.27021E+00
 +9.39860E+01  +9.01948E+00
 +9.41712E+01  +8.68600E+00
 +9.44288E+01  +8.31186E+00
 +9.47747E+01  +7.84720E+00
 +9.44599E+01  +7.60272E+00
 +9.48826E+01  +7.13930E+00
 +9.44975E+01  +6.83692E+00
 +9.49496E+01  +6.25911E+00
 +9.54350E+01  +5.71525E+00
 +9.60135E+01  +5.11363E+00
 +9.65669E+01  +4.64448E+00
 +9.66014E+01  +3.77218E+00
 +9.66968E+01  +2.97907E+00
 +9.67828E+01  +2.18540E+00
 +9.67427E+01  +1.76284E+00
 +9.62019E+01  +1.34500E+00
>RI PS-MA (PB) MAX_DEPTH=0,25
 +1.43097E+02  +1.14000E+01
 +1.43097E+02  +1.15000E+01
 +1.43097E+02  +1.15689E+01
 +1.43082E+02  +1.17921E+01
>RI PS-MA (PB) MAX_DEPTH=25,25
 +1.43097E+02  +1.15689E+01
 +1.43082E+02  +1.17921E+01
 +1.43106E+02  +1.20301E+01
 +1.43143E+02  +1.22650E+01
 +1.43239E+02  +1.24781E+01
 +1.43403E+02  +1.26947E+01
 +1.43510E+02  +1.28222E+01
 +1.43662E+02  +1.30577E+01
 +1.43771E+02  +1.32676E+01
 +1.43871E+02  +1.35409E+01
 +1.43903E+02  +1.36235E+01
 +1.43942E+02  +1.38108E+01
 +1.43976E+02  +1.40870E+01
 +1.44082E+02  +1.46394E+01
 +1.44216E+02  +1.46557E+01
 +1.44334E+02  +1.48845E+01
 +1.44530E+02  +1.49167E+01
 +1.44453E+02  +1.55256E+01
 +1.44799E+02  +1.56531E+01
 +1.44792E+02  +1.61227E+01
 +1.44841E+02  +1.64780E+01
 +1.44798E+02  +1.69793E+01
 +1.44671E+02  +1.74201E+01
 +1.44970E+02  +1.75346E+01
 +1.44773E+02  +1.78295E+01
 +1.44706E+02  +1.80198E+01
 +1.44663E+02  +1.81656E+01
 +1.44626E+02  +1.83591E+01
 +1.44601E+02  +1.87556E+01
 +1.44543E+02  +1.90727E+01
 +1.44527E+02  +1.91234E+01
 +1.44252E+02  +1.97253E+01
 +1.44137E+02  +1.97533E+01
 +1.44083E+02  +1.98577E+01
 +1.43970E+02  +2.01109E+01
 +1.43842E+02  +2.04178E+01
 +1.43575E+02  +2.03968E+01
 +1.43493E+02  +2.05325E+01
 +1.43392E+02  +2.07283E+01
 +1.43281E+02  +2.09619E+01
 +1.43321E+02  +2.10606E+01
 +1.43280E+02  +2.13203E+01
 +1.43218E+02  +2.16590E+01
 +1.43150E+02  +2.19278E+01
 +1.42997E+02  +2.21385E+01
 +1.42774E+02  +2.23766E+01
 +1.42560E+02  +2.26620E+01
 +1.42257E+02  +2.30091E+01
>RI Ayu Trough (PB)  MAX_DEPTH=25,25
 +1.34022E+02  +6.31450E+00
 +1.33674E+02  +6.15594E+00
 +1.33429E+02  +5.96222E+00
 +1.33308E+02  +5.73427E+00
 +1.33240E+02  +5.34909E+00
 +1.33189E+02  +5.01620E+00
 +1.33032E+02  +4.78754E+00
 +1.32911E+02  +4.45382E+00
 +1.32790E+02  +4.11986E+00
 +1.32740E+02  +3.69833E+00
 +1.32795E+02  +3.31224E+00
 +1.32850E+02  +2.90828E+00
 +1.32817E+02  +2.53873E+00
 +1.32766E+02  +2.25688E+00
 +1.32734E+02  +1.72846E+00
 +1.32720E+02  +1.16455E+00
 +1.32651E+02  +8.11580E-01
 +1.32515E+02  +1.70583E-02
>RI AF-AN (PB) MAX_DEPTH=25,25
 -4.37900E-01  -5.48518E+01
 -3.88257E-02  -5.46772E+01
 +4.43182E-01  -5.44512E+01
 +9.64534E-01  -5.48322E+01
 +1.69481E+00  -5.43990E+01
 +2.35975E+00  -5.40374E+01
 +3.02542E+00  -5.36507E+01
 +3.36894E+00  -5.38341E+01
 +3.95638E+00  -5.41267E+01
 +4.41458E+00  -5.44303E+01
 +4.82661E+00  -5.41616E+01
 +5.08372E+00  -5.43093E+01
 +5.49469E+00  -5.45429E+01
 +6.18373E+00  -5.41145E+01
 +6.62540E+00  -5.38142E+01
 +7.23729E+00  -5.41012E+01
 +7.77235E+00  -5.43960E+01
>RI AF-AN (PB) MAX_DEPTH=25,25
 +7.77235E+00  -5.43960E+01
 +8.28834E+00  -5.40326E+01
 +8.79876E+00  -5.36680E+01
 +9.42869E+00  -5.32326E+01
 +9.99306E+00  -5.27923E+01
 +1.05424E+01  -5.30655E+01
 +1.09748E+01  -5.33320E+01
 +1.17084E+01  -5.27829E+01
 +1.22989E+01  -5.23750E+01
 +1.28951E+01  -5.19629E+01
 +1.32042E+01  -5.21410E+01
 +1.37876E+01  -5.24769E+01
 +1.44633E+01  -5.19971E+01
 +1.51124E+01  -5.23075E+01
 +1.54280E+01  -5.20836E+01
 +1.58223E+01  -5.17870E+01
 +1.69072E+01  -5.21693E+01
 +1.78063E+01  -5.24669E+01
 +1.85374E+01  -5.27343E+01
 +1.87125E+01  -5.25529E+01
 +1.99938E+01  -5.28167E+01
 +2.12504E+01  -5.29088E+01
 +2.25042E+01  -5.30512E+01
 +2.30753E+01  -5.30977E+01
 +2.30214E+01  -5.32004E+01
 +2.38862E+01  -5.33086E+01
 +2.46851E+01  -5.34215E+01
 +2.48726E+01  -5.33453E+01
>RI AF-AN (PB) MAX_DEPTH=25,25
 +3.21258E+01  -4.69998E+01
 +3.18654E+01  -4.72011E+01
 +3.15885E+01  -4.76822E+01
 +3.13065E+01  -4.81627E+01
 +3.10081E+01  -4.85871E+01
 +3.07046E+01  -4.90106E+01
 +3.03617E+01  -4.92155E+01
 +3.00060E+01  -4.96108E+01
 +2.97115E+01  -4.99335E+01
 +2.93431E+01  -5.05070E+01
 +2.89688E+01  -5.11373E+01
 +2.86054E+01  -5.17716E+01
 +2.84027E+01  -5.22771E+01
 +2.83122E+01  -5.25400E+01
 +2.81108E+01  -5.29037E+01
 +2.74795E+01  -5.27708E+01
 +2.73704E+01  -5.26730E+01
 +2.73221E+01  -5.25472E+01
 +2.67131E+01  -5.23780E+01
 +2.65129E+01  -5.26201E+01
 +2.63382E+01  -5.30650E+01
 +2.61809E+01  -5.34288E+01
 +2.59869E+01  -5.35818E+01
 +2.58614E+01  -5.34799E+01
 +2.56475E+01  -5.34100E+01
 +2.51797E+01  -5.34441E+01
 +2.48726E+01  -5.33453E+01
>RI SO-AN (PB) MAX_DEPTH=25,25
 +3.21258E+01  -4.69998E+01
 +3.31739E+01  -4.72644E+01
 +3.33585E+01  -4.68055E+01
 +3.35400E+01  -4.63464E+01
 +3.38184E+01  -4.59791E+01
 +3.39824E+01  -4.60812E+01
 +3.40869E+01  -4.60899E+01
 +3.42672E+01  -4.62123E+01
 +3.45037E+01  -4.62216E+01
 +3.47040E+01  -4.59714E+01
 +3.48682E+01  -4.54657E+01
 +3.50145E+01  -4.51058E+01
 +3.51819E+01  -4.48555E+01
 +3.56603E+01  -4.48660E+01
 +3.59729E+01  -4.49607E+01
 +3.63029E+01  -4.49665E+01
 +3.66774E+01  -4.49197E+01
 +3.70855E+01  -4.48043E+01
 +3.75083E+01  -4.48753E+01
 +3.80827E+01  -4.46188E+01
>RI SO-AN (PB) MAX_DEPTH=25,25
 +3.80827E+01  -4.46188E+01
 +3.81937E+01  -4.44010E+01
 +3.83383E+01  -4.40547E+01
 +3.90729E+01  -4.41648E+01
 +3.92673E+01  -4.37257E+01
 +3.94588E+01  -4.32862E+01
 +4.05058E+01  -4.34376E+01
 +4.15578E+01  -4.35794E+01
 +4.16859E+01  -4.31174E+01
 +4.18120E+01  -4.26553E+01
 +4.24686E+01  -4.27299E+01
 +4.25719E+01  -4.22602E+01
 +4.26737E+01  -4.17904E+01
 +4.27740E+01  -4.13205E+01
 +4.28729E+01  -4.08505E+01
 +4.40092E+01  -4.09150E+01
 +4.40230E+01  -4.06708E+01
 +4.46858E+01  -4.06911E+01
 +4.47160E+01  -4.03689E+01
 +4.53027E+01  -4.03659E+01
 +4.53318E+01  -4.01085E+01
 +4.60744E+01  -4.01190E+01
 +4.61602E+01  -3.94945E+01
 +4.62444E+01  -3.88699E+01
 +4.71353E+01  -3.87637E+01
 +4.80234E+01  -3.86507E+01
 +4.80171E+01  -3.84780E+01
 +4.86326E+01  -3.80142E+01
 +4.90344E+01  -3.79999E+01
 +4.90366E+01  -3.77917E+01
 +4.99451E+01  -3.77902E+01
 +4.99622E+01  -3.75968E+01
 +5.08233E+01  -3.75799E+01
 +5.08270E+01  -3.74507E+01
 +5.15548E+01  -3.74415E+01
 +5.22827E+01  -3.74322E+01
 +5.23106E+01  -3.67973E+01
 +5.23380E+01  -3.61624E+01
 +5.29023E+01  -3.61530E+01
 +5.34665E+01  -3.61409E+01
 +5.34706E+01  -3.55167E+01
 +5.42161E+01  -3.53024E+01
 +5.42551E+01  -3.45416E+01
 +5.52747E+01  -3.45605E+01
 +5.53010E+01  -3.42872E+01
 +5.56987E+01  -3.42350E+01
 +5.57379E+01  -3.36528E+01
 +5.64006E+01  -3.36268E+01
 +5.70607E+01  -3.35542E+01
 +5.70912E+01  -3.28350E+01
 +5.71223E+01  -3.23028E+01
 +5.71530E+01  -3.17706E+01
 +5.78000E+01  -3.17220E+01
 +5.84563E+01  -3.16910E+01
 +5.85299E+01  -3.10553E+01
 +5.91667E+01  -3.10497E+01
 +5.91880E+01  -3.05671E+01
 +6.00054E+01  -3.05607E+01
 +6.07628E+01  -3.05315E+01
 +6.07473E+01  -3.00145E+01
 +6.07624E+01  -2.99990E+01
 +6.07864E+01  -2.94652E+01
 +6.08102E+01  -2.89313E+01
 +6.15322E+01  -2.89199E+01
 +6.15176E+01  -2.87772E+01
 +6.21619E+01  -2.88114E+01
 +6.21351E+01  -2.84896E+01
 +6.27462E+01  -2.84585E+01
 +6.27030E+01  -2.81525E+01
 +6.32112E+01  -2.81640E+01
 +6.31942E+01  -2.80214E+01
 +6.36211E+01  -2.80388E+01
 +6.36037E+01  -2.78313E+01
 +6.44669E+01  -2.78175E+01
 +6.53321E+01  -2.78122E+01
 +6.53475E+01  -2.75141E+01
 +6.63590E+01  -2.75145E+01
 +6.63730E+01  -2.72811E+01
 +6.71290E+01  -2.72692E+01
 +6.71555E+01  -2.68674E+01
 +6.74240E+01  -2.68699E+01
 +6.74333E+01  -2.65715E+01
 +6.79622E+01  -2.65830E+01
 +6.79791E+01  -2.62906E+01
 +6.86219E+01  -2.62625E+01
 +6.85979E+01  -2.61206E+01
 +6.88197E+01  -2.61410E+01
 +6.88294E+01  -2.60089E+01
 +6.91500E+01  -2.59933E+01
 +6.91379E+01  -2.57843E+01
 +6.94603E+01  -2.57822E+01
 +6.94900E+01  -2.56762E+01
 +6.99595E+01  -2.56512E+01
>RI SO-IN (PB) MAX_DEPTH=25,25
 +5.82392E+01  +1.27455E+01
 +5.78675E+01  +1.30023E+01
 +5.76392E+01  +1.31377E+01
 +5.77327E+01  +1.33090E+01
 +5.78096E+01  +1.34509E+01
 +5.76891E+01  +1.35225E+01
 +5.74775E+01  +1.36430E+01
 +5.73015E+01  +1.37400E+01
 +5.72990E+01  +1.37718E+01
 +5.71397E+01  +1.38476E+01
 +5.69688E+01  +1.39372E+01
 +5.70372E+01  +1.40681E+01
 +5.69031E+01  +1.41407E+01
 +5.67616E+01  +1.42076E+01
 +5.68188E+01  +1.43021E+01
 +5.62652E+01  +1.46232E+01
>RI AU-SO (PB) MAX_DEPTH=25,25
 +6.82738E+01  -6.81090E+00
 +6.78113E+01  -7.25250E+00
 +6.80731E+01  -7.64768E+00
 +6.76424E+01  -8.02709E+00
 +6.80390E+01  -8.49189E+00
 +6.75648E+01  -8.88140E+00
 +6.70896E+01  -9.27031E+00
 +6.73780E+01  -9.62999E+00
 +6.69195E+01  -9.99041E+00
 +6.64600E+01  -1.03502E+01
 +6.67874E+01  -1.07620E+01
 +6.61674E+01  -1.12100E+01
 +6.64182E+01  -1.15590E+01
 +6.56978E+01  -1.20185E+01
 +6.60330E+01  -1.24258E+01
 +6.63692E+01  -1.28327E+01
 +6.58205E+01  -1.32681E+01
 +6.62097E+01  -1.37773E+01
 +6.59278E+01  -1.39791E+01
 +6.62076E+01  -1.43387E+01
 +6.64883E+01  -1.46980E+01
 +6.68882E+01  -1.52696E+01
 +6.72902E+01  -1.58215E+01
 +6.73827E+01  -1.59419E+01
 +6.70330E+01  -1.61389E+01
 +6.74105E+01  -1.66587E+01
 +6.67081E+01  -1.70901E+01
 +6.61428E+01  -1.74501E+01
 +6.55424E+01  -1.77830E+01
 +6.50073E+01  -1.80579E+01
 +6.52639E+01  -1.84432E+01
 +6.55217E+01  -1.88281E+01
 +6.60333E+01  -1.95775E+01
 +6.64280E+01  -2.00783E+01
 +6.67513E+01  -1.98703E+01
 +6.70404E+01  -2.02181E+01
 +6.73095E+01  -2.00725E+01
 +6.75930E+01  -2.03689E+01
 +6.77679E+01  -2.02800E+01
 +6.78967E+01  -2.04690E+01
 +6.82125E+01  -2.02907E+01
 +6.85592E+01  -2.07119E+01
 +6.82768E+01  -2.08777E+01
 +6.86529E+01  -2.14495E+01
 +6.92017E+01  -2.20877E+01
 +6.87967E+01  -2.23870E+01
 +6.91621E+01  -2.28305E+01
 +6.95577E+01  -2.33731E+01
 +6.98497E+01  -2.37087E+01
 +6.94016E+01  -2.40396E+01
 +6.96804E+01  -2.43686E+01
 +6.99393E+01  -2.46785E+01
 +6.95921E+01  -2.49701E+01
 +7.00896E+01  -2.54825E+01
 +6.99595E+01  -2.56512E+01
>RI NA-AF (PB) MAX_DEPTH=25,25
 -4.67658E+01  +1.54506E+01
 -4.66476E+01  +1.60187E+01
 -4.65287E+01  +1.65868E+01
 -4.65887E+01  +1.66067E+01
 -4.64982E+01  +1.70865E+01
 -4.64072E+01  +1.75663E+01
 -4.65202E+01  +1.75883E+01
 -4.63907E+01  +1.84220E+01
 -4.63182E+01  +1.84215E+01
 -4.62243E+01  +1.89351E+01
 -4.61844E+01  +1.89319E+01
 -4.60932E+01  +1.93773E+01
 -4.60015E+01  +1.98227E+01
 -4.59398E+01  +1.98022E+01
 -4.57737E+01  +2.06180E+01
 -4.55570E+01  +2.05958E+01
 -4.54187E+01  +2.12217E+01
 -4.55152E+01  +2.12465E+01
 -4.53853E+01  +2.18223E+01
 -4.52483E+01  +2.18064E+01
 -4.51574E+01  +2.23898E+01
 -4.50658E+01  +2.29731E+01
 -4.50239E+01  +2.29632E+01
 -4.49245E+01  +2.36459E+01
 -4.56993E+01  +2.37836E+01
 -4.64758E+01  +2.39174E+01
 -4.61961E+01  +2.45974E+01
 -4.61188E+01  +2.45904E+01
 -4.57915E+01  +2.52542E+01
 -4.54988E+01  +2.51918E+01
 -4.52960E+01  +2.56367E+01
 -4.50917E+01  +2.60814E+01
 -4.48989E+01  +2.60554E+01
 -4.48163E+01  +2.62700E+01
 -4.48666E+01  +2.62796E+01
 -4.46870E+01  +2.67668E+01
 -4.45059E+01  +2.72538E+01
 -4.43831E+01  +2.72355E+01
 -4.42031E+01  +2.76713E+01
 -4.40217E+01  +2.81069E+01
 -4.39423E+01  +2.81049E+01
 -4.35632E+01  +2.88108E+01
 -4.34828E+01  +2.88021E+01
 -4.30882E+01  +2.94691E+01
 -4.30373E+01  +2.94714E+01
 -4.27286E+01  +3.00697E+01
 -4.21364E+01  +2.99733E+01
 -4.17857E+01  +3.06056E+01
 -4.14304E+01  +3.12370E+01
 -4.11836E+01  +3.11941E+01
 -4.07100E+01  +3.18173E+01
 -4.05526E+01  +3.18025E+01
 -4.01293E+01  +3.24440E+01
 -3.96999E+01  +3.30841E+01
 -3.95860E+01  +3.30673E+01
 -3.93993E+01  +3.37676E+01
 -3.85972E+01  +3.36370E+01
 -3.77975E+01  +3.35012E+01
 -3.76776E+01  +3.37362E+01
 -3.75328E+01  +3.37052E+01
 -3.73364E+01  +3.41362E+01
 -3.72446E+01  +3.41238E+01
 -3.70461E+01  +3.45669E+01
 -3.68618E+01  +3.45542E+01
 -3.67846E+01  +3.47122E+01
 -3.66231E+01  +3.46929E+01
 -3.63731E+01  +3.52798E+01
 -3.55584E+01  +3.51477E+01
 -3.47464E+01  +3.50102E+01
 -3.44595E+01  +3.56246E+01
 -3.43354E+01  +3.56160E+01
 -3.41424E+01  +3.60794E+01
 -3.40568E+01  +3.60713E+01
 -3.39816E+01  +3.62212E+01
 -3.37717E+01  +3.61850E+01
 -3.35947E+01  +3.67422E+01
 -3.33135E+01  +3.66910E+01
 -3.32246E+01  +3.69408E+01
 -3.30049E+01  +3.69159E+01
 -3.29431E+01  +3.70654E+01
 -3.27077E+01  +3.70333E+01
 -3.26456E+01  +3.71763E+01
 -3.23946E+01  +3.71369E+01
 -3.22826E+01  +3.73915E+01
 -3.15164E+01  +3.72823E+01
 -3.13713E+01  +3.77049E+01
 -3.10706E+01  +3.76802E+01
 -3.06055E+01  +3.84025E+01
 -3.04301E+01  +3.83883E+01
 -3.01714E+01  +3.88880E+01
 -2.99091E+01  +3.93871E+01
 -2.97698E+01  +3.93996E+01
>RI AF-SA (PB) MAX_DEPTH=25,25
 -4.67658E+01  +1.54506E+01
 -4.59475E+01  +1.53604E+01
 -4.51300E+01  +1.52673E+01
 -4.51362E+01  +1.46467E+01
 -4.51423E+01  +1.40261E+01
 -4.50614E+01  +1.39917E+01
 -4.50493E+01  +1.33358E+01
 -4.50373E+01  +1.26799E+01
 -4.42620E+01  +1.26256E+01
 -4.42775E+01  +1.21008E+01
 -4.38845E+01  +1.20854E+01
 -4.39026E+01  +1.15062E+01
 -4.39206E+01  +1.09270E+01
 -4.34482E+01  +1.09055E+01
 -4.29758E+01  +1.08832E+01
 -4.25035E+01  +1.08602E+01
 -4.20313E+01  +1.08365E+01
 -4.15592E+01  +1.08121E+01
 -4.10871E+01  +1.07869E+01
 -4.10829E+01  +9.97939E+00
 -4.08615E+01  +9.97269E+00
 -4.08648E+01  +9.38937E+00
 -4.06402E+01  +9.37285E+00
 -4.06522E+01  +8.84060E+00
 -4.01196E+01  +8.81526E+00
 -4.01408E+01  +8.21537E+00
 -3.96608E+01  +8.19726E+00
 -3.91808E+01  +8.17858E+00
 -3.87009E+01  +8.15934E+00
 -3.82210E+01  +8.13953E+00
 -3.82065E+01  +7.70334E+00
 -3.75356E+01  +7.67935E+00
 -3.68648E+01  +7.65432E+00
 -3.68514E+01  +7.40089E+00
 -3.60577E+01  +7.36342E+00
 -3.60469E+01  +7.02322E+00
 -3.53665E+01  +6.93495E+00
 -3.53629E+01  +6.61393E+00
 -3.44937E+01  +6.61577E+00
 -3.36244E+01  +6.61760E+00
 -3.36203E+01  +6.10421E+00
 -3.35136E+01  +6.07619E+00
 -3.35068E+01  +5.64946E+00
 -3.29780E+01  +5.64716E+00
 -3.29198E+01  +4.80377E+00
 -3.28617E+01  +3.96038E+00
 -3.23870E+01  +3.98590E+00
 -3.19122E+01  +4.01114E+00
 -3.14374E+01  +4.03611E+00
 -3.09625E+01  +4.06081E+00
 -3.08868E+01  +3.25477E+00
 -3.08113E+01  +2.44874E+00
 -3.07358E+01  +1.64269E+00
 -3.00269E+01  +1.60709E+00
 -2.99203E+01  +7.97401E-01
 -2.92096E+01  +8.48907E-01
 -2.83465E+01  +9.53033E-01
 -2.78309E+01  +1.00748E+00
 -2.73153E+01  +1.06184E+00
 -2.64740E+01  +1.15918E+00
 -2.62887E+01  +4.98136E-01
 -2.56591E+01  +5.56165E-01
 -2.50294E+01  +6.14126E-01
 -2.48206E+01  -2.44593E-01
 -2.46117E+01  -1.10331E+00
 -2.40507E+01  -1.03387E+00
 -2.34897E+01  -9.64324E-01
 -2.29355E+01  -8.80401E-01
 -2.23813E+01  -7.96390E-01
 -2.15437E+01  -6.80222E-01
 -2.10168E+01  -5.88493E-01
 -2.04899E+01  -4.96709E-01
 -1.96747E+01  -3.33378E-01
 -1.88497E+01  -1.76113E-01
 -1.83693E+01  -7.27519E-02
 -1.78889E+01  +3.06094E-02
 -1.73229E+01  +1.49605E-01
 -1.67569E+01  +2.68587E-01
 -1.64982E+01  +2.98947E-01
 -1.62522E+01  -5.56200E-01
 -1.60372E+01  -5.19631E-01
 -1.58406E+01  -1.14320E+00
 -1.55652E+01  -1.07324E+00
 -1.54103E+01  -1.49342E+00
 -1.46594E+01  -1.30094E+00
 -1.39087E+01  -1.10824E+00
 -1.31580E+01  -9.15345E-01
 -1.29298E+01  -1.50722E+00
 -1.27014E+01  -2.09908E+00
 -1.21641E+01  -1.94545E+00
 -1.19989E+01  -2.40025E+00
 -1.18336E+01  -2.85504E+00
 -1.20293E+01  -3.01345E+00
 -1.18975E+01  -3.49273E+00
 -1.17655E+01  -3.97199E+00
 -1.20968E+01  -4.10303E+00
 -1.20386E+01  -4.58743E+00
 -1.21445E+01  -4.60882E+00
 -1.20185E+01  -5.02557E+00
 -1.16044E+01  -4.94231E+00
 -1.15161E+01  -5.41504E+00
 -1.11669E+01  -5.37706E+00
 -1.10222E+01  -5.93021E+00
 -1.12671E+01  -6.02023E+00
 -1.11805E+01  -6.75542E+00
 -1.19933E+01  -6.96082E+00
 -1.28068E+01  -7.16482E+00
 -1.36210E+01  -7.36740E+00
 -1.34894E+01  -7.88908E+00
 -1.33574E+01  -8.41071E+00
 -1.31911E+01  -8.37401E+00
 -1.30230E+01  -9.22523E+00
 -1.32482E+01  -9.27648E+00
 -1.31663E+01  -9.79444E+00
 -1.33151E+01  -9.82468E+00
 -1.31736E+01  -1.06231E+01
 -1.30313E+01  -1.14215E+01
 -1.35243E+01  -1.15387E+01
 -1.40177E+01  -1.16551E+01
 -1.45115E+01  -1.17706E+01
 -1.50058E+01  -1.18853E+01
 -1.49077E+01  -1.23390E+01
 -1.48611E+01  -1.23196E+01
 -1.47910E+01  -1.26562E+01
 -1.45501E+01  -1.25770E+01
 -1.44102E+01  -1.32181E+01
 -1.45996E+01  -1.32655E+01
 -1.45391E+01  -1.37366E+01
 -1.44784E+01  -1.42077E+01
 -1.36428E+01  -1.40355E+01
 -1.34352E+01  -1.48494E+01
 -1.32261E+01  -1.56632E+01
 -1.33835E+01  -1.56882E+01
 -1.32386E+01  -1.62117E+01
 -1.37702E+01  -1.63229E+01
 -1.43024E+01  -1.64327E+01
 -1.42381E+01  -1.67645E+01
 -1.43688E+01  -1.67770E+01
 -1.42242E+01  -1.73859E+01
 -1.40786E+01  -1.79946E+01
 -1.35189E+01  -1.78930E+01
 -1.29598E+01  -1.77898E+01
 -1.28598E+01  -1.82872E+01
 -1.27593E+01  -1.87845E+01
 -1.24772E+01  -1.87465E+01
 -1.23703E+01  -1.93409E+01
 -1.22626E+01  -1.99353E+01
 -1.19446E+01  -1.98248E+01
 -1.18522E+01  -2.02784E+01
 -1.19708E+01  -2.02991E+01
 -1.17632E+01  -2.11759E+01
 -1.20066E+01  -2.12091E+01
 -1.18495E+01  -2.17351E+01
 -1.19359E+01  -2.17522E+01
 -1.18192E+01  -2.21534E+01
 -1.23643E+01  -2.22671E+01
 -1.29102E+01  -2.23790E+01
 -1.28511E+01  -2.26298E+01
 -1.33398E+01  -2.27302E+01
 -1.38293E+01  -2.28292E+01
 -1.36637E+01  -2.35442E+01
 -1.35703E+01  -2.35143E+01
 -1.34259E+01  -2.41458E+01
 -1.32801E+01  -2.47771E+01
 -1.38106E+01  -2.48874E+01
 -1.36632E+01  -2.56480E+01
 -1.40485E+01  -2.57376E+01
 -1.38156E+01  -2.65856E+01
 -1.36896E+01  -2.65644E+01
 -1.34823E+01  -2.74429E+01
 -1.32716E+01  -2.83210E+01
 -1.27456E+01  -2.82133E+01
 -1.25326E+01  -2.89409E+01
>RI AF-SA (PB) MAX_DEPTH=25,25
 -1.25326E+01  -2.89409E+01
 -1.32624E+01  -2.90980E+01
 -1.39902E+01  -2.92510E+01
 -1.38201E+01  -2.98515E+01
 -1.37159E+01  -2.98280E+01
 -1.35428E+01  -3.04913E+01
 -1.33666E+01  -3.11567E+01
 -1.34988E+01  -3.11791E+01
 -1.33714E+01  -3.16612E+01
 -1.32453E+01  -3.21432E+01
 -1.38830E+01  -3.22745E+01
 -1.45229E+01  -3.24002E+01
 -1.44461E+01  -3.28976E+01
 -1.43668E+01  -3.34989E+01
 -1.47018E+01  -3.35691E+01
 -1.45151E+01  -3.40434E+01
 -1.52741E+01  -3.42376E+01
 -1.50834E+01  -3.46898E+01
 -1.52659E+01  -3.47702E+01
 -1.51000E+01  -3.51824E+01
 -1.60274E+01  -3.53431E+01
 -1.69619E+01  -3.54994E+01
 -1.77032E+01  -3.56633E+01
 -1.74191E+01  -3.60684E+01
 -1.70847E+01  -3.64724E+01
 -1.74404E+01  -3.65623E+01
 -1.73331E+01  -3.69436E+01
 -1.72335E+01  -3.73744E+01
 -1.75331E+01  -3.74724E+01
 -1.73878E+01  -3.80251E+01
 -1.70505E+01  -3.84467E+01
 -1.67985E+01  -3.84012E+01
 -1.63610E+01  -3.85584E+01
 -1.60438E+01  -3.88834E+01
 -1.59651E+01  -3.93516E+01
 -1.59224E+01  -3.96807E+01
 -1.64146E+01  -3.97900E+01
 -1.64698E+01  -4.02729E+01
 -1.68674E+01  -4.03663E+01
 -1.68166E+01  -4.07897E+01
 -1.67436E+01  -4.11763E+01
 -1.66780E+01  -4.15191E+01
 -1.63316E+01  -4.18065E+01
 -1.62146E+01  -4.23377E+01
 -1.64299E+01  -4.28677E+01
>RI AF-SA (PB) MAX_DEPTH=25,25
 -1.64299E+01  -4.28677E+01
 -1.63296E+01  -4.33870E+01
 -1.62445E+01  -4.36835E+01
 -1.60856E+01  -4.41319E+01
 -1.59242E+01  -4.45800E+01
 -1.57603E+01  -4.50279E+01
 -1.55939E+01  -4.54756E+01
 -1.48940E+01  -4.53714E+01
 -1.47155E+01  -4.58985E+01
 -1.38100E+01  -4.57972E+01
 -1.35715E+01  -4.66878E+01
 -1.33251E+01  -4.75778E+01
 -1.26102E+01  -4.74714E+01
 -1.18982E+01  -4.73605E+01
 -1.11892E+01  -4.72452E+01
 -1.04834E+01  -4.71256E+01
 -1.02958E+01  -4.76487E+01
 -1.01045E+01  -4.81715E+01
 -9.90926E+00  -4.86939E+01
 -9.70992E+00  -4.92160E+01
 -8.92248E+00  -4.90912E+01
 -8.13908E+00  -4.89610E+01
 -8.02211E+00  -4.92826E+01
 -7.96086E+00  -4.92702E+01
 -7.63767E+00  -5.00587E+01
 -7.43284E+00  -5.00013E+01
 -7.15851E+00  -5.06096E+01
 -6.15983E+00  -5.04171E+01
 -5.16942E+00  -5.02161E+01
 -4.94334E+00  -5.06749E+01
 -4.71279E+00  -5.11333E+01
 -4.47762E+00  -5.15912E+01
 -4.23767E+00  -5.20486E+01
 -3.95559E+00  -5.19788E+01
 -3.44688E+00  -5.27640E+01
 -2.91952E+00  -5.35469E+01
 -2.37231E+00  -5.43274E+01
 -1.38220E+00  -5.40533E+01
 -9.14655E-01  -5.44535E+01
 -4.37900E-01  -5.48518E+01
>RI AU-AN (PB) MAX_DEPTH=25,25
 +6.99595E+01  -2.56512E+01
 +7.04086E+01  -2.60604E+01
 +7.06654E+01  -2.59124E+01
 +7.09943E+01  -2.61873E+01
 +7.11354E+01  -2.60831E+01
 +7.15800E+01  -2.64544E+01
 +7.17166E+01  -2.63857E+01
 +7.20656E+01  -2.66560E+01
 +7.20084E+01  -2.67182E+01
 +7.24626E+01  -2.71462E+01
 +7.29202E+01  -2.75728E+01
 +7.31227E+01  -2.74458E+01
 +7.33995E+01  -2.76550E+01
 +7.35342E+01  -2.75698E+01
 +7.39685E+01  -2.79442E+01
 +7.44058E+01  -2.83173E+01
 +7.41922E+01  -2.85413E+01
 +7.45917E+01  -2.89035E+01
 +7.49940E+01  -2.92645E+01
 +7.49376E+01  -2.93284E+01
 +7.55539E+01  -2.98394E+01
 +7.53641E+01  -3.00058E+01
 +7.55149E+01  -3.01176E+01
 +7.53926E+01  -3.02401E+01
 +7.57972E+01  -3.05735E+01
 +7.62045E+01  -3.09057E+01
 +7.61481E+01  -3.09704E+01
 +7.66894E+01  -3.14649E+01
 +7.63948E+01  -3.17191E+01
 +7.68124E+01  -3.20900E+01
 +7.72334E+01  -3.24595E+01
 +7.76578E+01  -3.28276E+01
 +7.80858E+01  -3.31942E+01
 +7.73518E+01  -3.38383E+01
 +7.79166E+01  -3.43238E+01
 +7.84879E+01  -3.48067E+01
 +7.84423E+01  -3.48423E+01
 +7.88035E+01  -3.51612E+01
 +7.82011E+01  -3.56831E+01
 +7.86899E+01  -3.60980E+01
 +7.91839E+01  -3.65109E+01
 +7.86063E+01  -3.69983E+01
 +7.80213E+01  -3.74829E+01
 +7.87061E+01  -3.80006E+01
 +7.81815E+01  -3.83932E+01
 +7.85293E+01  -3.86592E+01
 +7.80731E+01  -3.90049E+01
 +7.83839E+01  -3.92620E+01
 +7.80024E+01  -3.95385E+01
 +7.84254E+01  -3.99049E+01
 +7.78245E+01  -4.03260E+01
 +7.84837E+01  -4.08664E+01
 +7.86586E+01  -4.08722E+01
 +7.93191E+01  -4.13840E+01
 +7.99900E+01  -4.18919E+01
 +8.04635E+01  -4.15119E+01
 +8.09315E+01  -4.11299E+01
 +8.17520E+01  -4.17225E+01
 +8.25877E+01  -4.23091E+01
 +8.34390E+01  -4.28896E+01
 +8.38533E+01  -4.25506E+01
 +8.42631E+01  -4.22101E+01
 +8.46686E+01  -4.18682E+01
 +8.50697E+01  -4.15249E+01
 +8.54665E+01  -4.11802E+01
 +8.58592E+01  -4.08341E+01
 +8.64020E+01  -4.11288E+01
 +8.69497E+01  -4.14210E+01
 +8.75023E+01  -4.17105E+01
 +8.80599E+01  -4.19974E+01
 +8.84884E+01  -4.16859E+01
 +8.90106E+01  -4.19442E+01
 +8.95370E+01  -4.22002E+01
 +9.00677E+01  -4.24538E+01
 +9.06027E+01  -4.27049E+01
 +9.11420E+01  -4.29534E+01
 +9.16857E+01  -4.31994E+01
 +9.22337E+01  -4.34428E+01
 +9.27862E+01  -4.36836E+01
 +9.33431E+01  -4.39217E+01
 +9.39044E+01  -4.41571E+01
 +9.44702E+01  -4.43897E+01
 +9.50405E+01  -4.46195E+01
 +9.49257E+01  -4.48053E+01
 +9.58064E+01  -4.51414E+01
 +9.66975E+01  -4.54707E+01
 +9.62738E+01  -4.59963E+01
 +9.58420E+01  -4.65203E+01
 +9.64580E+01  -4.67718E+01
 +9.70797E+01  -4.70200E+01
 +9.77072E+01  -4.72648E+01
 +9.83404E+01  -4.75061E+01
 +9.89794E+01  -4.77439E+01
 +9.96243E+01  -4.79781E+01
 +1.00202E+02  -4.72665E+01
 +1.00817E+02  -4.74654E+01
 +1.01436E+02  -4.76610E+01
 +1.02060E+02  -4.78533E+01
 +1.02688E+02  -4.80421E+01
 +1.03321E+02  -4.82275E+01
 +1.03959E+02  -4.84093E+01
 +1.04601E+02  -4.85877E+01
 +1.05247E+02  -4.87624E+01
 +1.05898E+02  -4.89335E+01
 +1.06554E+02  -4.91009E+01
 +1.06692E+02  -4.88414E+01
 +1.07486E+02  -4.90146E+01
 +1.08285E+02  -4.91823E+01
 +1.08240E+02  -4.92587E+01
 +1.09351E+02  -4.95235E+01
>RI AU-AN (PB) MAX_DEPTH=25,25
 +1.09351E+02  -4.95235E+01
 +1.10472E+02  -4.97790E+01
 +1.10868E+02  -4.98289E+01
 +1.11129E+02  -4.98004E+01
 +1.11363E+02  -4.99297E+01
 +1.11666E+02  -5.00838E+01
 +1.12967E+02  -5.02004E+01
 +1.14024E+02  -5.03877E+01
 +1.14362E+02  -4.98778E+01
 +1.15500E+02  -4.99743E+01
 +1.15988E+02  -4.98517E+01
 +1.16256E+02  -4.95404E+01
 +1.16635E+02  -4.92709E+01
 +1.17523E+02  -4.96199E+01
 +1.18194E+02  -4.98648E+01
 +1.18547E+02  -4.98017E+01
 +1.19366E+02  -4.99384E+01
 +1.20273E+02  -5.00360E+01
 +1.20516E+02  -4.95243E+01
 +1.20842E+02  -4.88896E+01
 +1.21555E+02  -4.90056E+01
 +1.21437E+02  -4.96202E+01
 +1.21866E+02  -4.97355E+01
 +1.22224E+02  -4.98462E+01
 +1.22553E+02  -4.98116E+01
 +1.22797E+02  -4.97286E+01
 +1.23013E+02  -4.95424E+01
 +1.23328E+02  -4.95847E+01
 +1.23771E+02  -4.91216E+01
 +1.24007E+02  -4.89058E+01
 +1.24213E+02  -4.88476E+01
 +1.24607E+02  -4.89835E+01
 +1.24992E+02  -4.91528E+01
 +1.25125E+02  -4.93581E+01
 +1.25262E+02  -4.95983E+01
 +1.25896E+02  -4.97171E+01
 +1.26074E+02  -4.94014E+01
 +1.26264E+02  -4.90443E+01
 +1.26434E+02  -4.86297E+01
 +1.26861E+02  -4.86977E+01
 +1.27313E+02  -4.87639E+01
 +1.27243E+02  -4.92939E+01
 +1.27196E+02  -4.96429E+01
 +1.27143E+02  -4.99761E+01
 +1.28312E+02  -5.01592E+01
 +1.29412E+02  -5.03480E+01
 +1.30569E+02  -5.05249E+01
 +1.31256E+02  -5.06037E+01
 +1.31515E+02  -5.02222E+01
 +1.32261E+02  -5.02228E+01
 +1.33465E+02  -5.03055E+01
 +1.34245E+02  -5.03475E+01
 +1.35026E+02  -5.03842E+01
 +1.35246E+02  -5.02093E+01
 +1.36226E+02  -5.02476E+01
 +1.36946E+02  -5.02204E+01
 +1.37700E+02  -5.02336E+01
 +1.38401E+02  -5.02311E+01
 +1.39110E+02  -5.02558E+01
 +1.39645E+02  -5.02794E+01
 +1.39733E+02  -5.11739E+01
 +1.39813E+02  -5.18376E+01
 +1.40323E+02  -5.17983E+01
 +1.40400E+02  -5.22743E+01
 +1.40478E+02  -5.27502E+01
 +1.40584E+02  -5.35044E+01
 +1.40659E+02  -5.38854E+01
 +1.41451E+02  -5.40528E+01
 +1.42250E+02  -5.42149E+01
 +1.43778E+02  -5.42343E+01
 +1.44282E+02  -5.47985E+01
 +1.45401E+02  -5.47555E+01
 +1.46881E+02  -5.46953E+01
>RI AU-AN (PB) MAX_DEPTH=25,25
 +1.46881E+02  -5.46953E+01
 +1.47043E+02  -5.51749E+01
 +1.47206E+02  -5.56536E+01
 +1.47373E+02  -5.61321E+01
 +1.47545E+02  -5.66104E+01
 +1.47721E+02  -5.70884E+01
 +1.47902E+02  -5.75662E+01
 +1.48076E+02  -5.75271E+01
 +1.48806E+02  -5.74358E+01
 +1.49150E+02  -5.81044E+01
 +1.49398E+02  -5.85518E+01
 +1.49652E+02  -5.89988E+01
 +1.50006E+02  -5.95704E+01
 +1.50733E+02  -5.94753E+01
 +1.51008E+02  -5.99442E+01
 +1.51290E+02  -6.04126E+01
 +1.52473E+02  -6.01764E+01
 +1.53639E+02  -5.99299E+01
 +1.54294E+02  -6.06813E+01
 +1.54981E+02  -6.14294E+01
 +1.55701E+02  -6.21738E+01
 +1.56457E+02  -6.29143E+01
 +1.57970E+02  -6.24781E+01
 +1.59440E+02  -6.20259E+01
 +1.60865E+02  -6.15586E+01
 +1.61228E+02  -6.14567E+01
>RI PA-AN (PB) MAX_DEPTH=25,25 
 +1.61228E+02  -6.14567E+01
 +1.61975E+02  -6.17630E+01
 +1.62579E+02  -6.22128E+01
 +1.63202E+02  -6.26599E+01
 +1.63773E+02  -6.24746E+01
 +1.64275E+02  -6.23219E+01
 +1.64768E+02  -6.21772E+01
 +1.65103E+02  -6.20772E+01
 +1.65653E+02  -6.24727E+01
 +1.65969E+02  -6.26676E+01
 +1.66620E+02  -6.30869E+01
 +1.66858E+02  -6.32206E+01
 +1.67550E+02  -6.29712E+01
 +1.68277E+02  -6.27732E+01
 +1.68708E+02  -6.26321E+01
 +1.69238E+02  -6.24461E+01
 +1.69605E+02  -6.26762E+01
 +1.70068E+02  -6.29724E+01
 +1.70441E+02  -6.31488E+01
 +1.71009E+02  -6.34473E+01
 +1.71640E+02  -6.38072E+01
 +1.72164E+02  -6.40974E+01
 +1.72520E+02  -6.42561E+01
 +1.73631E+02  -6.47379E+01
 +1.74242E+02  -6.45079E+01
 +1.74814E+02  -6.43149E+01
 +1.75162E+02  -6.41741E+01
 +1.75582E+02  -6.39840E+01
 +1.76063E+02  -6.41878E+01
 +1.76549E+02  -6.44101E+01
 +1.76819E+02  -6.45060E+01
 +1.77338E+02  -6.47362E+01
 +1.77889E+02  -6.49749E+01
 +1.78240E+02  -6.50791E+01
 +1.78759E+02  -6.52740E+01
 +1.79381E+02  -6.54773E+01
 +1.79963E+02  -6.57385E+01
 -1.79197E+02  -6.59859E+01
 -1.78793E+02  -6.61632E+01
 -1.77926E+02  -6.58623E+01
 -1.77072E+02  -6.56069E+01
 -1.75729E+02  -6.51825E+01
 -1.75070E+02  -6.55050E+01
 -1.74418E+02  -6.58352E+01
 -1.73709E+02  -6.55061E+01
 -1.72517E+02  -6.49783E+01
 -1.71300E+02  -6.43564E+01
 -1.70043E+02  -6.48585E+01
 -1.69839E+02  -6.47637E+01
 -1.69109E+02  -6.42448E+01
 -1.68379E+02  -6.37303E+01
 -1.67513E+02  -6.31060E+01
 -1.66608E+02  -6.24900E+01
 -1.66199E+02  -6.26056E+01
 -1.65149E+02  -6.30070E+01
 -1.63921E+02  -6.34667E+01
 -1.63001E+02  -6.29675E+01
 -1.62061E+02  -6.23936E+01
 -1.61338E+02  -6.26144E+01
 -1.60430E+02  -6.29233E+01
 -1.59888E+02  -6.25954E+01
 -1.58703E+02  -6.30044E+01
 -1.58394E+02  -6.27885E+01
 -1.57601E+02  -6.30700E+01
 -1.56717E+02  -6.33240E+01
 -1.56022E+02  -6.29525E+01
 -1.55254E+02  -6.24327E+01
 -1.54324E+02  -6.17762E+01
 -1.54181E+02  -6.18361E+01
 -1.53661E+02  -6.13992E+01
 -1.52943E+02  -6.08407E+01
 -1.52119E+02  -6.01575E+01
 -1.51329E+02  -5.94694E+01
 -1.50382E+02  -5.97176E+01
 -1.49809E+02  -5.93141E+01
 -1.49264E+02  -5.88221E+01
 -1.48276E+02  -5.81300E+01
 -1.47692E+02  -5.75547E+01
 -1.47167E+02  -5.76379E+01
 -1.46681E+02  -5.73076E+01
 -1.45979E+02  -5.66686E+01
 -1.45412E+02  -5.62277E+01
 -1.44857E+02  -5.57842E+01
 -1.44482E+02  -5.59103E+01
 -1.43324E+02  -5.62625E+01
 -1.42086E+02  -5.66193E+01
 -1.41211E+02  -5.68392E+01
 -1.40325E+02  -5.70528E+01
 -1.40041E+02  -5.67722E+01
 -1.39545E+02  -5.62678E+01
 -1.39191E+02  -5.57249E+01
 -1.39578E+02  -5.56146E+01
 -1.39253E+02  -5.52509E+01
 -1.38799E+02  -5.47123E+01
 -1.38338E+02  -5.41410E+01
 -1.37890E+02  -5.35679E+01
 -1.37522E+02  -5.36878E+01
 -1.36590E+02  -5.39067E+01
 -1.36180E+02  -5.33957E+01
 -1.35307E+02  -5.36430E+01
 -1.34205E+02  -5.38871E+01
 -1.32870E+02  -5.42371E+01
 -1.32126E+02  -5.44323E+01
 -1.31375E+02  -5.46229E+01
 -1.30059E+02  -5.49314E+01
 -1.29345E+02  -5.51286E+01
 -1.28624E+02  -5.53215E+01
 -1.27231E+02  -5.55654E+01
 -1.26800E+02  -5.50641E+01
 -1.26197E+02  -5.51382E+01
 -1.25077E+02  -5.54541E+01
 -1.24262E+02  -5.55873E+01
 -1.23442E+02  -5.57150E+01
 -1.22655E+02  -5.58731E+01
 -1.21862E+02  -5.60262E+01
 -1.21635E+02  -5.58321E+01
 -1.21228E+02  -5.52189E+01
 -1.20663E+02  -5.44098E+01
 -1.19685E+02  -5.46416E+01
 -1.18581E+02  -5.48185E+01
 -1.18313E+02  -5.43503E+01
 -1.18037E+02  -5.36908E+01
 -1.17661E+02  -5.31241E+01
 -1.18977E+02  -5.28974E+01
 -1.18875E+02  -5.27524E+01
 -1.18422E+02  -5.22120E+01
 -1.18120E+02  -5.17718E+01
 -1.17824E+02  -5.13309E+01
 -1.17522E+02  -5.08747E+01
 -1.17225E+02  -5.04178E+01
 -1.16802E+02  -4.98934E+01
 -1.16388E+02  -4.93675E+01
 -1.15233E+02  -4.95892E+01
 -1.14556E+02  -4.97210E+01
 -1.13875E+02  -4.98489E+01
 -1.13745E+02  -4.93574E+01
 -1.13528E+02  -4.88410E+01
 -1.13315E+02  -4.83242E+01
 -1.13131E+02  -4.77733E+01
 -1.12950E+02  -4.72221E+01
 -1.12685E+02  -4.65385E+01
 -1.12426E+02  -4.58544E+01
 -1.12675E+02  -4.58327E+01
 -1.12550E+02  -4.54942E+01
 -1.12381E+02  -4.49378E+01
 -1.12216E+02  -4.43811E+01
 -1.11971E+02  -4.37738E+01
 -1.11730E+02  -4.31659E+01
 -1.11538E+02  -4.26833E+01
 -1.11349E+02  -4.22004E+01
 -1.10954E+02  -4.22487E+01
 -1.10832E+02  -4.13555E+01
 -1.10754E+02  -4.07597E+01
 -1.10677E+02  -4.01638E+01
 -1.10533E+02  -3.95749E+01
 -1.10391E+02  -3.89858E+01
 -1.11270E+02  -3.89785E+01
 -1.11268E+02  -3.88776E+01
 -1.11067E+02  -3.82760E+01
 -1.10869E+02  -3.76741E+01
 -1.10668E+02  -3.70423E+01
 -1.10471E+02  -3.64102E+01
 -1.10739E+02  -3.63578E+01
 -1.10715E+02  -3.62186E+01
 -1.10579E+02  -3.58301E+01
 -1.10895E+02  -3.57967E+01
 -1.10877E+02  -3.53191E+01
 -1.10827E+02  -3.50908E+01
>RI AN-SA (PB) MAX_DEPTH=25,25
 -4.37900E-01  -5.48518E+01
 -1.03898E+00  -5.50190E+01
 -1.60588E+00  -5.51293E+01
 -1.61369E+00  -5.56529E+01
 -2.07998E+00  -5.56568E+01
 -2.89625E+00  -5.57072E+01
 -3.72024E+00  -5.57399E+01
 -4.05601E+00  -5.57694E+01
 -4.69061E+00  -5.58072E+01
 -4.67546E+00  -5.62102E+01
 -4.69342E+00  -5.65916E+01
 -5.44832E+00  -5.66270E+01
 -6.05679E+00  -5.66721E+01
 -6.09431E+00  -5.69823E+01
 -6.13025E+00  -5.72402E+01
 -6.53815E+00  -5.72700E+01
 -6.99917E+00  -5.73176E+01
 -7.01278E+00  -5.76172E+01
 -7.00902E+00  -5.78694E+01
 -7.52477E+00  -5.79204E+01
 -8.60685E+00  -5.79888E+01
 -9.88532E+00  -5.80915E+01
 -1.11897E+01  -5.81577E+01
 -1.26489E+01  -5.82406E+01
 -1.39543E+01  -5.83173E+01
 -1.50689E+01  -5.83904E+01
 -1.59715E+01  -5.84388E+01
 -1.60047E+01  -5.84593E+01
 -1.62258E+01  -5.87672E+01
 -1.64100E+01  -5.90984E+01
 -1.69169E+01  -5.90982E+01
 -1.76670E+01  -5.91289E+01
 -1.80600E+01  -5.91526E+01
 -1.81233E+01  -5.95093E+01
 -1.84325E+01  -5.95423E+01
 -1.85472E+01  -5.99376E+01
 -1.86464E+01  -6.02500E+01
 -1.93705E+01  -6.02891E+01
 -1.95812E+01  -6.08108E+01
>RI AN-NZ (PB) MAX_DEPTH=25,25
 -7.60062E+01  -4.56585E+01
 -7.66746E+01  -4.56427E+01
 -7.76607E+01  -4.57605E+01
 -7.77640E+01  -4.55885E+01
 -7.79902E+01  -4.50916E+01
 -7.82065E+01  -4.44111E+01
 -7.88933E+01  -4.45449E+01
 -7.95858E+01  -4.46655E+01
 -8.02811E+01  -4.47819E+01
 -8.11065E+01  -4.48760E+01
 -8.19346E+01  -4.49641E+01
 -8.21377E+01  -4.44040E+01
 -8.23507E+01  -4.36390E+01
 -8.25089E+01  -4.28607E+01
 -8.34475E+01  -4.29815E+01
 -8.34538E+01  -4.28730E+01
 -8.36037E+01  -4.22225E+01
 -8.37162E+01  -4.16737E+01
 -8.38269E+01  -4.11247E+01
 -8.44870E+01  -4.11909E+01
 -8.51484E+01  -4.12533E+01
 -8.62401E+01  -4.13925E+01
 -8.73364E+01  -4.15213E+01
 -8.74171E+01  -4.12729E+01
 -8.84467E+01  -4.13187E+01
 -8.92496E+01  -4.13781E+01
 -9.00540E+01  -4.14319E+01
 -9.00876E+01  -4.10585E+01
 -9.07391E+01  -4.10823E+01
 -9.13910E+01  -4.11025E+01
 -9.14756E+01  -4.07319E+01
 -9.15122E+01  -4.02824E+01
 -9.15483E+01  -3.98329E+01
 -9.16035E+01  -3.93493E+01
 -9.16579E+01  -3.88656E+01
 -9.23397E+01  -3.89184E+01
 -9.30225E+01  -3.89673E+01
 -9.30748E+01  -3.84294E+01
 -9.39963E+01  -3.84823E+01
 -9.40931E+01  -3.77170E+01
 -9.41298E+01  -3.70006E+01
 -9.49095E+01  -3.69851E+01
 -9.56889E+01  -3.69646E+01
 -9.65515E+01  -3.69209E+01
 -9.74131E+01  -3.68710E+01
 -9.74017E+01  -3.62936E+01
 -9.84167E+01  -3.61928E+01
 -9.95318E+01  -3.61332E+01
 -1.00645E+02  -3.60632E+01
 -1.01286E+02  -3.59970E+01
 -1.01926E+02  -3.59274E+01
 -1.02565E+02  -3.58544E+01
 -1.03202E+02  -3.57781E+01
 -1.03998E+02  -3.56944E+01
 -1.04793E+02  -3.56055E+01
 -1.05391E+02  -3.55236E+01
 -1.05988E+02  -3.54388E+01
 -1.06666E+02  -3.53935E+01
 -1.07343E+02  -3.53445E+01
 -1.08071E+02  -3.52404E+01
 -1.08797E+02  -3.51319E+01
 -1.09259E+02  -3.45446E+01
>RI EA-PA (PB) MAX_DEPTH=25,25
 -1.14421E+02  -2.21145E+01
 -1.14505E+02  -2.21961E+01
 -1.14498E+02  -2.25426E+01
 -1.14567E+02  -2.30236E+01
 -1.14875E+02  -2.30396E+01
 -1.14962E+02  -2.31789E+01
 -1.15183E+02  -2.32370E+01
 -1.15254E+02  -2.33975E+01
 -1.15599E+02  -2.34684E+01
 -1.15424E+02  -2.38844E+01
 -1.15402E+02  -2.40174E+01
 -1.15482E+02  -2.41051E+01
 -1.15912E+02  -2.42418E+01
 -1.15968E+02  -2.43829E+01
 -1.16184E+02  -2.44583E+01
 -1.16225E+02  -2.45558E+01
 -1.16099E+02  -2.48475E+01
 -1.16490E+02  -2.51720E+01
 -1.16353E+02  -2.54158E+01
 -1.16028E+02  -2.56738E+01
 -1.15769E+02  -2.59677E+01
 -1.15518E+02  -2.62434E+01
 -1.15291E+02  -2.64659E+01
 -1.15105E+02  -2.66040E+01
 -1.14526E+02  -2.67251E+01
 -1.13944E+02  -2.67897E+01
 -1.13608E+02  -2.68088E+01
 -1.12976E+02  -2.68302E+01
>RI EA-NZ (PB) MAX_DEPTH=25,25
 -1.12976E+02  -2.68302E+01
 -1.12947E+02  -2.67241E+01
 -1.12684E+02  -2.68009E+01
 -1.12658E+02  -2.65538E+01
 -1.12683E+02  -2.62823E+01
 -1.12672E+02  -2.60379E+01
 -1.12620E+02  -2.59342E+01
 -1.12550E+02  -2.59259E+01
 -1.12541E+02  -2.57874E+01
 -1.12455E+02  -2.57860E+01
 -1.12437E+02  -2.56827E+01
 -1.12364E+02  -2.56637E+01
 -1.12366E+02  -2.55642E+01
 -1.12388E+02  -2.54292E+01
 -1.12443E+02  -2.51985E+01
 -1.12453E+02  -2.50594E+01
 -1.11978E+02  -2.50266E+01
 -1.11977E+02  -2.48907E+01
 -1.12048E+02  -2.46591E+01
 -1.12103E+02  -2.44485E+01
 -1.12123E+02  -2.42224E+01
 -1.12098E+02  -2.41104E+01
 -1.11713E+02  -2.40320E+01
 -1.11763E+02  -2.38598E+01
 -1.11832E+02  -2.37275E+01
 -1.11864E+02  -2.34750E+01
 -1.11871E+02  -2.33267E+01
 -1.11741E+02  -2.32087E+01
 -1.11924E+02  -2.30158E+01
 -1.12208E+02  -2.28209E+01
 -1.12575E+02  -2.26195E+01
 -1.12934E+02  -2.24070E+01
 -1.13280E+02  -2.22231E+01
 -1.13610E+02  -2.21264E+01
 -1.13906E+02  -2.21022E+01
 -1.14125E+02  -2.21057E+01
 -1.14421E+02  -2.21145E+01
>RI JZ-PA (PB) MAX_DEPTH=25,25
 -1.12023E+02  -3.15362E+01
 -1.12041E+02  -3.17737E+01
 -1.12063E+02  -3.19485E+01
 -1.12065E+02  -3.21144E+01
 -1.12151E+02  -3.23426E+01
 -1.12356E+02  -3.23278E+01
 -1.12415E+02  -3.24889E+01
 -1.12418E+02  -3.27938E+01
 -1.12442E+02  -3.31120E+01
 -1.12460E+02  -3.33989E+01
 -1.12504E+02  -3.36498E+01
 -1.12604E+02  -3.36626E+01
 -1.12628E+02  -3.39988E+01
 -1.12562E+02  -3.42996E+01
 -1.12417E+02  -3.45562E+01
 -1.12187E+02  -3.46742E+01
 -1.11756E+02  -3.48114E+01
 -1.11399E+02  -3.49123E+01
 -1.11126E+02  -3.49948E+01
 -1.10827E+02  -3.50908E+01
>RI JZ-AN (PB) MAX_DEPTH=25,25
 -1.10827E+02  -3.50908E+01
 -1.10527E+02  -3.50613E+01
 -1.10326E+02  -3.49460E+01
 -1.10141E+02  -3.48171E+01
 -1.09919E+02  -3.47019E+01
 -1.09691E+02  -3.46092E+01
 -1.09259E+02  -3.45446E+01
>RI JZ-NZ (PB) MAX_DEPTH=25,25
 -1.09259E+02  -3.45446E+01
 -1.09277E+02  -3.42037E+01
 -1.09270E+02  -3.39167E+01
 -1.09205E+02  -3.37019E+01
 -1.09323E+02  -3.33917E+01
 -1.09410E+02  -3.31401E+01
 -1.09183E+02  -3.30204E+01
 -1.08972E+02  -3.29365E+01
 -1.09206E+02  -3.26615E+01
 -1.09435E+02  -3.24000E+01
 -1.09791E+02  -3.21152E+01
 -1.10210E+02  -3.19198E+01
 -1.10687E+02  -3.17150E+01
 -1.11202E+02  -3.15638E+01
 -1.11660E+02  -3.15564E+01
 -1.12023E+02  -3.15362E+01
>RI NZ-PA (PB) MAX_DEPTH=25,25
 -1.12976E+02  -2.68302E+01
 -1.13112E+02  -2.70143E+01
 -1.13129E+02  -2.72727E+01
 -1.13133E+02  -2.75770E+01
 -1.13001E+02  -2.76074E+01
 -1.12971E+02  -2.78495E+01
 -1.12955E+02  -2.81290E+01
 -1.12934E+02  -2.83794E+01
 -1.13010E+02  -2.83829E+01
 -1.13021E+02  -2.85495E+01
 -1.13020E+02  -2.87872E+01
 -1.12956E+02  -2.90088E+01
 -1.12367E+02  -2.91602E+01
 -1.11806E+02  -2.92656E+01
 -1.11749E+02  -2.95788E+01
 -1.11773E+02  -3.00247E+01
 -1.11775E+02  -3.01873E+01
 -1.11797E+02  -3.04248E+01
 -1.11851E+02  -3.06244E+01
 -1.11885E+02  -3.06658E+01
 -1.11951E+02  -3.10446E+01
 -1.11978E+02  -3.13862E+01
 -1.11964E+02  -3.13905E+01
 -1.12023E+02  -3.15362E+01
>RI CO-NZ (PB) MAX_DEPTH=25,25
 -9.97389E+01  +2.26882E+00
 -9.96570E+01  +2.19007E+00
 -9.89175E+01  +2.11218E+00
 -9.88886E+01  +2.21253E+00
 -9.83674E+01  +2.14463E+00
 -9.78463E+01  +2.07656E+00
 -9.75512E+01  +2.08841E+00
 -9.75851E+01  +1.89824E+00
 -9.68800E+01  +1.88568E+00
 -9.61750E+01  +1.87283E+00
 -9.61202E+01  +2.23785E+00
 -9.52241E+01  +2.22175E+00
 -9.51982E+01  +2.50694E+00
 -9.44044E+01  +2.43994E+00
 -9.36107E+01  +2.37248E+00
 -9.29279E+01  +2.29988E+00
 -9.22451E+01  +2.22695E+00
 -9.20902E+01  +2.19975E+00
 -9.21183E+01  +1.99009E+00
 -9.15376E+01  +2.01117E+00
 -9.15608E+01  +1.81659E+00
 -9.06973E+01  +1.73615E+00
 -9.06632E+01  +1.12041E+00
 -8.97836E+01  +1.07290E+00
 -8.89041E+01  +1.02514E+00
 -8.80245E+01  +9.77144E-01
 -8.71450E+01  +9.28909E-01
 -8.62656E+01  +8.80462E-01
 -8.53861E+01  +8.31804E-01
 -8.53494E+01  +1.64441E+00
 -8.45759E+01  +1.59812E+00
 -8.45713E+01  +2.06618E+00
 -8.45667E+01  +2.53424E+00
 -8.44671E+01  +3.11226E+00
 -8.39225E+01  +3.13869E+00
 -8.33779E+01  +3.16485E+00
 -8.28064E+01  +3.11792E+00
 -8.28750E+01  +3.59490E+00
 -8.28750E+01  +4.07188E+00
 -8.28750E+01  +4.56303E+00
 -8.28750E+01  +5.05417E+00
 -8.28750E+01  +5.83296E+00
 -8.28750E+01  +6.56231E+00
 -8.28749E+01  +7.11804E+00
 -8.28748E+01  +7.36639E+00
>RI NZ-PA (PB) MAX_DEPTH=25,25
 -1.02319E+02  -1.54770E-02
 -1.02397E+02  -5.03231E-01
 -1.02524E+02  -1.28284E+00
 -1.02399E+02  -1.28336E+00
 -1.02462E+02  -1.53269E+00
 -1.02307E+02  -1.59589E+00
 -1.02402E+02  -1.90746E+00
 -1.02621E+02  -1.90611E+00
 -1.02687E+02  -2.43571E+00
 -1.02754E+02  -2.93392E+00
 -1.02566E+02  -2.93572E+00
 -1.02571E+02  -3.43472E+00
 -1.02735E+02  -4.05639E+00
 -1.03637E+02  -3.95089E+00
 -1.04539E+02  -3.84440E+00
 -1.04699E+02  -4.15158E+00
 -1.05380E+02  -4.07847E+00
 -1.05544E+02  -4.56935E+00
 -1.06253E+02  -4.49391E+00
 -1.06450E+02  -5.04324E+00
 -1.06587E+02  -5.62383E+00
 -1.06741E+02  -5.61990E+00
 -1.06752E+02  -6.01875E+00
 -1.06845E+02  -6.01620E+00
 -1.06950E+02  -6.44278E+00
 -1.07441E+02  -6.36670E+00
 -1.07607E+02  -6.75924E+00
 -1.07653E+02  -7.18594E+00
 -1.07880E+02  -7.51409E+00
 -1.08063E+02  -8.24014E+00
 -1.08192E+02  -8.35695E+00
 -1.08320E+02  -9.14481E+00
 -1.09038E+02  -9.03537E+00
 -1.09756E+02  -8.92454E+00
 -1.09857E+02  -9.67656E+00
 -1.10071E+02  -9.66505E+00
 -1.10218E+02  -1.00804E+01
 -1.10292E+02  -1.08017E+01
 -1.10447E+02  -1.08224E+01
 -1.10485E+02  -1.13942E+01
 -1.10675E+02  -1.14724E+01
 -1.10926E+02  -1.19684E+01
 -1.11077E+02  -1.27417E+01
 -1.10892E+02  -1.27553E+01
 -1.11007E+02  -1.34108E+01
 -1.11191E+02  -1.33964E+01
 -1.11266E+02  -1.35413E+01
 -1.11846E+02  -1.34645E+01
 -1.12426E+02  -1.33863E+01
 -1.12439E+02  -1.38646E+01
 -1.12581E+02  -1.40619E+01
 -1.12613E+02  -1.47180E+01
 -1.12766E+02  -1.47038E+01
 -1.12869E+02  -1.52478E+01
 -1.12973E+02  -1.57917E+01
 -1.13066E+02  -1.63513E+01
 -1.12973E+02  -1.63609E+01
 -1.13165E+02  -1.66703E+01
 -1.13041E+02  -1.66834E+01
 -1.13241E+02  -1.70515E+01
 -1.13117E+02  -1.70650E+01
 -1.13329E+02  -1.75211E+01
 -1.13174E+02  -1.75384E+01
 -1.13388E+02  -1.79938E+01
 -1.13264E+02  -1.80081E+01
 -1.13383E+02  -1.84442E+01
 -1.13520E+02  -1.87579E+01
 -1.13364E+02  -1.87766E+01
 -1.13623E+02  -1.92852E+01
 -1.13498E+02  -1.93006E+01
 -1.13697E+02  -1.99675E+01
 -1.13796E+02  -2.03210E+01
 -1.13931E+02  -2.05745E+01
 -1.14087E+02  -2.05993E+01
 -1.14229E+02  -2.11213E+01
 -1.14318E+02  -2.15636E+01
 -1.14379E+02  -2.16270E+01
 -1.14421E+02  -2.21145E+01
>RI NZ-PA (PB) MAX_DEPTH=25,25
 -1.02181E+02  +1.13426E+00
 -1.02240E+02  +7.12821E-01
 -1.02210E+02  +7.06338E-01
 -1.02253E+02  +3.71700E-01
 -1.02294E+02  +1.57068E-01
 -1.02319E+02  -1.54770E-02
>RI CO-NZ (PB) MAX_DEPTH=25,25
 -1.01512E+02  +2.23226E+00
 -1.01203E+02  +2.24142E+00
 -1.01196E+02  +2.19890E+00
 -1.01067E+02  +2.21046E+00
 -1.00644E+02  +2.20440E+00
 -1.00394E+02  +2.20650E+00
 -1.00066E+02  +2.20704E+00
 -1.00047E+02  +2.29966E+00
 -9.99129E+01  +2.27227E+00
 -9.98108E+01  +2.27260E+00
 -9.97389E+01  +2.26882E+00
>RI GP-PA (PB) MAX_DEPTH=25,25
 -1.02068E+02  +2.63532E+00
 -1.02082E+02  +2.57438E+00
 -1.02077E+02  +2.50246E+00
 -1.02085E+02  +2.48615E+00
 -1.02085E+02  +2.41199E+00
 -1.02090E+02  +2.39090E+00
 -1.02088E+02  +2.32729E+00
 -1.02080E+02  +2.30830E+00
 -1.02075E+02  +2.16104E+00
 -1.02067E+02  +2.13734E+00
 -1.02075E+02  +2.02449E+00
 -1.02076E+02  +1.97154E+00
 -1.02088E+02  +1.90349E+00
 -1.02104E+02  +1.90382E+00
 -1.02133E+02  +1.77843E+00
 -1.02262E+02  +1.75155E+00
 -1.02230E+02  +1.54137E+00
 -1.02257E+02  +1.52778E+00
 -1.02222E+02  +1.36110E+00
 -1.02243E+02  +1.34857E+00
 -1.02203E+02  +1.22065E+00
 -1.02223E+02  +1.21398E+00
 -1.02181E+02  +1.13426E+00
>RI GP-NZ (PB) MAX_DEPTH=25,25
 -1.02181E+02  +1.13426E+00
 -1.02082E+02  +1.20646E+00
 -1.01959E+02  +1.26876E+00
 -1.01825E+02  +1.33439E+00
 -1.01644E+02  +1.40377E+00
 -1.01580E+02  +1.31773E+00
 -1.01487E+02  +1.38887E+00
 -1.01423E+02  +1.33816E+00
 -1.01348E+02  +1.39907E+00
 -1.01315E+02  +1.35013E+00
 -1.01195E+02  +1.42309E+00
 -1.01153E+02  +1.38576E+00
 -1.01047E+02  +1.47077E+00
 -1.01074E+02  +1.51368E+00
 -1.00964E+02  +1.65513E+00
 -1.00973E+02  +1.67885E+00
 -1.00908E+02  +1.74348E+00
 -1.00974E+02  +1.83189E+00
 -1.01049E+02  +1.90637E+00
 -1.01149E+02  +1.98018E+00
 -1.01270E+02  +2.04850E+00
 -1.01356E+02  +2.10436E+00
 -1.01438E+02  +2.16015E+00
 -1.01512E+02  +2.23226E+00
>RI GP-CO (PB) MAX_DEPTH=25,25
 -1.01512E+02  +2.23226E+00
 -1.01490E+02  +2.60499E+00
 -1.01697E+02  +2.63971E+00
 -1.01878E+02  +2.64213E+00
 -1.02068E+02  +2.63532E+00
>RI CO-PA (PB) MAX_DEPTH=25,25
 -1.05586E+02  +1.78808E+01
 -1.05399E+02  +1.77679E+01
 -1.05367E+02  +1.70308E+01
 -1.05398E+02  +1.62605E+01
 -1.05357E+02  +1.55576E+01
 -1.05320E+02  +1.51076E+01
 -1.04690E+02  +1.52745E+01
 -1.04563E+02  +1.46722E+01
 -1.04437E+02  +1.40698E+01
 -1.04181E+02  +1.33284E+01
 -1.03927E+02  +1.25868E+01
 -1.03772E+02  +1.18904E+01
 -1.03875E+02  +1.18723E+01
 -1.03807E+02  +1.14045E+01
 -1.03739E+02  +1.09366E+01
 -1.03628E+02  +1.02746E+01
 -1.03598E+02  +1.01232E+01
 -1.04296E+02  +1.00171E+01
 -1.04296E+02  +9.17474E+00
 -1.04258E+02  +8.45574E+00
 -1.04229E+02  +8.34001E+00
 -1.03595E+02  +8.37048E+00
 -1.02961E+02  +8.39993E+00
 -1.02810E+02  +7.79085E+00
 -1.02659E+02  +7.18172E+00
 -1.02558E+02  +6.35535E+00
 -1.02457E+02  +5.52897E+00
 -1.02320E+02  +4.65326E+00
 -1.02184E+02  +3.77753E+00
 -1.02259E+02  +3.75071E+00
 -1.02199E+02  +3.45816E+00
 -1.02219E+02  +3.23869E+00
>RI PA-CO (PB) MAX_DEPTH=25,25
 -1.02068E+02  +2.63532E+00
 -1.02109E+02  +2.78564E+00
 -1.02096E+02  +2.79833E+00
 -1.02118E+02  +2.89294E+00
 -1.02145E+02  +2.88876E+00
 -1.02193E+02  +3.07219E+00
 -1.02219E+02  +3.23869E+00
>RI RI-PA (PB) MAX_DEPTH=25,25
-1.08232E+02  +2.27117E+01
 -1.08582E+02  +2.19047E+01
 -1.08669E+02  +2.17739E+01
 -1.08784E+02  +2.16428E+01
 -1.08868E+02  +2.15360E+01
 -1.08936E+02  +2.14513E+01
 -1.08977E+02  +2.13470E+01
 -1.08809E+02  +2.12529E+01
 -1.08915E+02  +2.10679E+01
 -1.09013E+02  +2.09490E+01
 -1.09111E+02  +2.08240E+01
 -1.09194E+02  +2.07392E+01
 -1.09261E+02  +2.06426E+01
 -1.09285E+02  +2.05584E+01
 -1.09187E+02  +2.04995E+01
 -1.09215E+02  +2.03973E+01
 -1.09319E+02  +2.02423E+01
 -1.09378E+02  +2.01757E+01
 -1.09373E+02  +2.01418E+01
 -1.09450E+02  +2.00271E+01
 -1.09160E+02  +1.98065E+01
 -1.08903E+02  +1.96255E+01
 -1.08896E+02  +1.95496E+01
 -1.08534E+02  +1.93837E+01
 -1.08198E+02  +1.92235E+01
 -1.08233E+02  +1.91073E+01
 -1.07816E+02  +1.89360E+01
 -1.07523E+02  +1.88632E+01
 -1.07272E+02  +1.87561E+01
 -1.07002E+02  +1.86471E+01
 -1.06756E+02  +1.85899E+01
 -1.06527E+02  +1.85444E+01
 -1.06244E+02  +1.85199E+01
 -1.06281E+02  +1.82814E+01
 -1.06311E+02  +1.81198E+01
 -1.06318E+02  +1.80163E+01
 -1.06308E+02  +1.79290E+01
 -1.05586E+02  +1.78808E+01
>RI NA-PA (PB) MAX_DEPTH=125,25
 -1.15773E+02  +3.34211E+01
 -1.15596E+02  +3.32366E+01
 -1.15717E+02  +3.31297E+01
 -1.15594E+02  +3.30402E+01
 -1.15508E+02  +3.29581E+01
 -1.15581E+02  +3.28760E+01
 -1.15412E+02  +3.27100E+01
 -1.15212E+02  +3.25118E+01
 -1.15330E+02  +3.24183E+01
 -1.15085E+02  +3.22359E+01
 -1.14765E+02  +3.19952E+01
 -1.14522E+02  +3.17860E+01
 -1.14332E+02  +3.16016E+01
 -1.14207E+02  +3.14585E+01
 -1.14118E+02  +3.13557E+01
 -1.14330E+02  +3.11936E+01
 -1.14439E+02  +3.10972E+01
 -1.14303E+02  +3.09123E+01
 -1.14129E+02  +3.06797E+01
 -1.13986E+02  +3.05134E+01
 -1.13807E+02  +3.03135E+01
 -1.14041E+02  +3.01205E+01
 -1.13909E+02  +2.99820E+01
 -1.13758E+02  +2.98344E+01
 -1.13870E+02  +2.97298E+01
 -1.13969E+02  +2.96458E+01
 -1.13775E+02  +2.94397E+01
 -1.13521E+02  +2.92054E+01
 -1.13281E+02  +2.90084E+01
 -1.13339E+02  +2.89498E+01
 -1.13087E+02  +2.87147E+01
 -1.12812E+02  +2.84987E+01
 -1.12589E+02  +2.83223E+01
 -1.12321E+02  +2.81249E+01
 -1.12015E+02  +2.79060E+01
 -1.11711E+02  +2.76935E+01
 -1.11506E+02  +2.75700E+01
 -1.11382E+02  +2.74969E+01
 -1.11569E+02  +2.72152E+01
 -1.11373E+02  +2.71053E+01
 -1.11506E+02  +2.69267E+01
 -1.11228E+02  +2.67234E+01
 -1.10957E+02  +2.65350E+01
 -1.10758E+02  +2.64159E+01
 -1.10680E+02  +2.63605E+01
 -1.10778E+02  +2.62249E+01
 -1.10572E+02  +2.60661E+01
 -1.10291E+02  +2.58895E+01
 -1.10024E+02  +2.57063E+01
 -1.09872E+02  +2.56073E+01
 -1.09806E+02  +2.55567E+01
 -1.10007E+02  +2.53392E+01
 -1.09788E+02  +2.51797E+01
 -1.09591E+02  +2.50163E+01
 -1.09350E+02  +2.48568E+01
 -1.09178E+02  +2.47348E+01
 -1.09062E+02  +2.46582E+01
 -1.09276E+02  +2.43960E+01
 -1.09002E+02  +2.41515E+01
 -1.08806E+02  +2.39844E+01
 -1.08610E+02  +2.38141E+01
 -1.08439E+02  +2.36743E+01
 -1.08357E+02  +2.36135E+01
 -1.08651E+02  +2.32413E+01
 -1.08388E+02  +2.30822E+01
 -1.08010E+02  +2.29857E+01
 -1.08232E+02  +2.27117E+01
>RI PA-JF (PB) MAX_DEPTH=25,25
 -1.24742E+02  +4.03134E+01
 -1.25450E+02  +4.03541E+01
 -1.26159E+02  +4.03904E+01
 -1.26869E+02  +4.04224E+01
 -1.27579E+02  +4.04500E+01
 -1.27579E+02  +4.05385E+01
 -1.27717E+02  +4.05726E+01
 -1.27639E+02  +4.10807E+01
 -1.27560E+02  +4.15888E+01
 -1.27446E+02  +4.15551E+01
 -1.27401E+02  +4.16405E+01
 -1.27241E+02  +4.16921E+01
 -1.27039E+02  +4.23570E+01
 -1.26627E+02  +4.30136E+01
 -1.27571E+02  +4.34195E+01
 -1.28528E+02  +4.38176E+01
 -1.29498E+02  +4.42075E+01
 -1.30480E+02  +4.45892E+01
 -1.30367E+02  +4.49295E+01
 -1.30069E+02  +4.52854E+01
 -1.30187E+02  +4.54140E+01
 -1.29936E+02  +4.57362E+01
 -1.29869E+02  +4.58960E+01
 -1.30073E+02  +4.59427E+01
 -1.30051E+02  +4.61958E+01
 -1.29917E+02  +4.62291E+01
 -1.29803E+02  +4.64332E+01
 -1.29572E+02  +4.64015E+01
 -1.29259E+02  +4.70647E+01
 -1.28938E+02  +4.77270E+01
 -1.29190E+02  +4.78354E+01
 -1.28940E+02  +4.83236E+01
 -1.29147E+02  +4.84760E+01
 -1.28919E+02  +4.88687E+01
 -1.29705E+02  +4.91768E+01
 -1.30501E+02  +4.94794E+01
 -1.30162E+02  +4.99827E+01
 -1.30300E+02  +5.00554E+01
 -1.30162E+02  +5.02172E+01
 -1.30329E+02  +5.02979E+01
 -1.30254E+02  +5.04647E+01
 -1.30753E+02  +5.09076E+01
 -1.31074E+02  +5.11851E+01
 -1.30850E+02  +5.16121E+01
>RI SW-SC (PB) MAX_DEPTH=25,25
 -2.94885E+01  -5.50334E+01
 -2.97147E+01  -5.52043E+01
 -2.98147E+01  -5.53268E+01
 -2.97936E+01  -5.55009E+01
 -2.97728E+01  -5.56048E+01
 -2.98170E+01  -5.56835E+01
 -3.03157E+01  -5.57539E+01
 -3.03263E+01  -5.58635E+01
 -3.03343E+01  -5.59491E+01
 -3.03324E+01  -5.60517E+01
 -3.03253E+01  -5.61345E+01
 -3.03338E+01  -5.62904E+01
 -3.03779E+01  -5.64434E+01
 -3.07210E+01  -5.64492E+01
 -3.07271E+01  -5.65110E+01
 -3.07434E+01  -5.65699E+01
 -3.07431E+01  -5.68593E+01
 -3.04690E+01  -5.68510E+01
 -3.03800E+01  -5.70937E+01
 -3.01292E+01  -5.70954E+01
 -3.00692E+01  -5.75995E+01
 -2.98517E+01  -5.75979E+01
 -2.98442E+01  -5.82619E+01
 -3.00069E+01  -5.82719E+01
 -2.99509E+01  -5.88052E+01
 -2.95634E+01  -5.88167E+01
 -2.95547E+01  -5.95138E+01
 -3.01075E+01  -5.95150E+01
 -3.00314E+01  -5.99370E+01
 -2.98812E+01  -6.01736E+01
 -2.95980E+01  -6.04347E+01
 -2.86771E+01  -6.04587E+01
 -2.77048E+01  -6.04673E+01
 -2.76967E+01  -6.06171E+01
>RI NA-EU (PB) MAX_DEPTH=25,25
 -1.57156E+01  +6.95499E+01
 -1.54245E+01  +6.98397E+01
 -1.50245E+01  +7.01685E+01
 -1.47339E+01  +7.03891E+01
 -1.44479E+01  +7.03539E+01
 -1.42367E+01  +7.05174E+01
 -1.40364E+01  +7.07261E+01
 -1.38924E+01  +7.08158E+01
 -1.33957E+01  +7.07716E+01
 -1.29046E+01  +7.06977E+01
 -1.22549E+01  +7.05630E+01
 -1.20094E+01  +7.07065E+01
 -1.16689E+01  +7.08763E+01
 -1.13563E+01  +7.10519E+01
 -1.18649E+01  +7.11472E+01
 -1.23591E+01  +7.12522E+01
 -1.21057E+01  +7.13958E+01
 -1.17138E+01  +7.15878E+01
 -1.13695E+01  +7.17744E+01
 -1.03560E+01  +7.16145E+01
 -9.39339E+00  +7.14561E+01
 -7.94124E+00  +7.12166E+01
 -7.37469E+00  +7.11248E+01
 -6.89992E+00  +7.12816E+01
 -6.33268E+00  +7.13872E+01
 -5.91711E+00  +7.14646E+01
 -5.69853E+00  +7.15398E+01
 -5.15729E+00  +7.14310E+01
 -4.74125E+00  +7.13332E+01
 -4.36039E+00  +7.14324E+01
 -4.07245E+00  +7.14905E+01
 -3.69231E+00  +7.13980E+01
 -2.93661E+00  +7.15002E+01
 -2.39894E+00  +7.15917E+01
 -1.74252E+00  +7.16851E+01
 -9.75025E-01  +7.18151E+01
 -3.92476E-01  +7.19105E+01
 +2.81065E-01  +7.20148E+01
 +9.00715E-01  +7.21337E+01
 +1.99058E+00  +7.23278E+01
 +2.78103E+00  +7.24331E+01
 +3.60937E+00  +7.25801E+01
 +4.29990E+00  +7.26970E+01
 +4.96961E+00  +7.28205E+01
 +5.58598E+00  +7.29243E+01
 +6.05514E+00  +7.30188E+01
 +6.78173E+00  +7.31448E+01
 +7.07072E+00  +7.32035E+01
 +7.39100E+00  +7.32524E+01
 +7.79122E+00  +7.33712E+01
 +8.15023E+00  +7.34272E+01
 +8.38583E+00  +7.34853E+01
 +8.65212E+00  +7.35335E+01
 +8.83803E+00  +7.36282E+01
 +8.95698E+00  +7.37064E+01
 +9.03691E+00  +7.37585E+01
 +9.13963E+00  +7.38820E+01
 +9.20295E+00  +7.39795E+01
 +9.20769E+00  +7.40964E+01
 +9.15258E+00  +7.42327E+01
 +9.13259E+00  +7.43772E+01
 +8.98399E+00  +7.45426E+01
 +8.78099E+00  +7.47631E+01
 +8.63037E+00  +7.49462E+01
 +8.46028E+00  +7.50755E+01
 +8.21220E+00  +7.51882E+01
 +7.94643E+00  +7.53817E+01
 +7.84163E+00  +7.55273E+01
 +7.60333E+00  +7.57289E+01
 +7.59292E+00  +7.59807E+01
 +7.51523E+00  +7.61167E+01
 +7.48044E+00  +7.62790E+01
 +7.55713E+00  +7.64307E+01
 +7.56302E+00  +7.66015E+01
 +7.61545E+00  +7.67985E+01
 +7.62226E+00  +7.69692E+01
 +7.67201E+00  +7.71484E+01
 +7.80900E+00  +7.74791E+01
 +7.88003E+00  +7.77119E+01
 +7.77119E+00  +7.79112E+01
 +7.82691E+00  +7.80903E+01
 +7.78484E+00  +7.82347E+01
 +6.77554E+00  +7.84438E+01
 +5.59209E+00  +7.86410E+01
 +4.69068E+00  +7.88058E+01
 +3.85706E+00  +7.89500E+01
 +3.43173E+00  +7.90302E+01
 +3.90068E+00  +7.92280E+01
 +4.39026E+00  +7.95327E+01
 +3.29588E+00  +7.96575E+01
 +2.37761E+00  +7.97797E+01
 +1.48660E+00  +7.99085E+01
 +6.27928E-01  +8.00264E+01
 -2.50723E-01  +8.01421E+01
 -9.68769E-01  +8.02132E+01
 -1.76559E+00  +8.03085E+01
 -2.34079E+00  +8.03704E+01
 -1.68388E+00  +8.06248E+01
 -2.94156E+00  +8.07555E+01
 -3.36375E+00  +8.07922E+01
 -2.77949E+00  +8.09929E+01
 -2.41413E+00  +8.11256E+01
 -3.45411E+00  +8.12505E+01
 -4.64116E+00  +8.13697E+01
 -4.15208E+00  +8.15521E+01
 -3.90911E+00  +8.16203E+01
 -5.03297E+00  +8.19128E+01
 -4.53664E+00  +8.20501E+01
 -3.79607E+00  +8.22903E+01
 -3.69993E+00  +8.23281E+01
 -5.00975E+00  +8.25194E+01
 -5.86541E+00  +8.26912E+01
 -7.21240E+00  +8.28685E+01
 -6.23430E+00  +8.30004E+01
 -5.15419E+00  +8.32491E+01
 -4.14804E+00  +8.34296E+01
 -3.20433E+00  +8.35703E+01
 -2.36257E+00  +8.36896E+01
 -1.20617E+00  +8.38642E+01
 -4.69122E-01  +8.39965E+01
 +4.04991E-01  +8.41017E+01
 +1.30114E+00  +8.42233E+01
 +2.23513E+00  +8.43435E+01
 +3.02402E+00  +8.44618E+01
 +3.84819E+00  +8.45611E+01
 +4.03467E+00  +8.45969E+01
 +4.50755E+00  +8.45702E+01
 +5.17750E+00  +8.46321E+01
 +6.66540E+00  +8.47622E+01
 +8.13393E+00  +8.48982E+01
 +8.93766E+00  +8.50094E+01
 +9.80850E+00  +8.49579E+01
 +1.06588E+01  +8.50670E+01
 +1.17036E+01  +8.51373E+01
 +1.32420E+01  +8.52814E+01
 +1.46662E+01  +8.53797E+01
 +1.60626E+01  +8.54855E+01
 +1.78900E+01  +8.55912E+01
 +1.92845E+01  +8.56842E+01
 +2.13426E+01  +8.57987E+01
 +2.33470E+01  +8.58174E+01
 +2.53828E+01  +8.58591E+01
 +2.74273E+01  +8.58674E+01
 +2.81433E+01  +8.58745E+01
 +2.92294E+01  +8.58101E+01
 +3.09721E+01  +8.59083E+01
 +3.33400E+01  +8.60534E+01
 +3.56067E+01  +8.61607E+01
 +3.83013E+01  +8.62915E+01
 +4.17555E+01  +8.64316E+01
 +4.34795E+01  +8.64958E+01
 +4.63137E+01  +8.65612E+01
 +4.60625E+01  +8.65982E+01
 +4.75235E+01  +8.66406E+01
 +5.07696E+01  +8.67060E+01
 +5.45614E+01  +8.67459E+01
 +5.80178E+01  +8.67875E+01
 +6.15056E+01  +8.68049E+01
 +6.24625E+01  +8.67548E+01
 +6.65438E+01  +8.66549E+01
 +6.63010E+01  +8.66065E+01
 +6.97522E+01  +8.64724E+01
>RI NA-EU (PB) MAX_DEPTH=25,25
 -2.97698E+01  +3.93996E+01
 -2.96089E+01  +3.99928E+01
 -2.96127E+01  +4.00328E+01
 -2.95802E+01  +4.00788E+01
 -2.95881E+01  +4.01065E+01
 -2.96565E+01  +4.01068E+01
 -2.96398E+01  +4.02082E+01
 -2.96313E+01  +4.02851E+01
 -2.95984E+01  +4.03835E+01
 -2.95695E+01  +4.04695E+01
 -2.95770E+01  +4.05495E+01
 -2.95605E+01  +4.05987E+01
 -2.93460E+01  +4.05699E+01
 -2.92999E+01  +4.07050E+01
 -2.92777E+01  +4.08710E+01
 -2.92560E+01  +4.09847E+01
 -2.92420E+01  +4.11261E+01
 -2.92286E+01  +4.12153E+01
 -2.93223E+01  +4.12467E+01
 -2.92920E+01  +4.13849E+01
 -2.92452E+01  +4.15200E+01
 -2.92060E+01  +4.16828E+01
 -2.92003E+01  +4.17997E+01
 -2.91616E+01  +4.19101E+01
 -2.92606E+01  +4.19294E+01
 -2.92420E+01  +4.20831E+01
 -2.92449E+01  +4.21754E+01
 -2.92233E+01  +4.22368E+01
 -2.92226E+01  +4.22891E+01
 -2.94347E+01  +4.22905E+01
 -2.93918E+01  +4.24133E+01
 -2.93696E+01  +4.25271E+01
 -2.93394E+01  +4.26130E+01
 -2.93177E+01  +4.26744E+01
 -2.93214E+01  +4.27145E+01
 -2.93715E+01  +4.27240E+01
 -2.93492E+01  +4.28378E+01
 -2.93268E+01  +4.29515E+01
 -2.93175E+01  +4.30284E+01
 -2.93168E+01  +4.30807E+01
 -2.91736E+01  +4.30796E+01
 -2.90914E+01  +4.32082E+01
 -2.90079E+01  +4.33890E+01
 -2.89339E+01  +4.34929E+01
 -2.88845E+01  +4.36278E+01
 -2.88405E+01  +4.36981E+01
 -2.87964E+01  +4.37684E+01
 -2.85237E+01  +4.37680E+01
 -2.85131E+01  +4.38448E+01
 -2.84809E+01  +4.39305E+01
 -2.84827E+01  +4.40229E+01
 -2.84549E+01  +4.40963E+01
 -2.84364E+01  +4.41453E+01
 -2.84349E+01  +4.41976E+01
 -2.83666E+01  +4.41843E+01
 -2.83200E+01  +4.43067E+01
 -2.82825E+01  +4.44046E+01
 -2.82574E+01  +4.45180E+01
 -2.82150E+01  +4.46281E+01
 -2.81676E+01  +4.47505E+01
 -2.81438E+01  +4.48116E+01
 -2.81421E+01  +4.48639E+01
 -2.81057E+01  +4.49094E+01
 -2.81575E+01  +4.49196E+01
 -2.81385E+01  +4.49685E+01
 -2.81146E+01  +4.50296E+01
 -2.81002E+01  +4.50663E+01
 -2.80763E+01  +4.51274E+01
 -2.79945E+01  +4.50983E+01
 -2.79877E+01  +4.51628E+01
 -2.79857E+01  +4.52151E+01
 -2.79790E+01  +4.52796E+01
 -2.79721E+01  +4.53441E+01
 -2.79374E+01  +4.53373E+01
 -2.79354E+01  +4.53896E+01
 -2.79382E+01  +4.54296E+01
 -2.79236E+01  +4.54663E+01
 -2.78714E+01  +4.54561E+01
 -2.78616E+01  +4.54805E+01
 -2.78644E+01  +4.55206E+01
 -2.78770E+01  +4.55362E+01
 -2.78246E+01  +4.55259E+01
 -2.77952E+01  +4.55992E+01
 -2.77734E+01  +4.57003E+01
 -2.77592E+01  +4.58293E+01
 -2.77394E+01  +4.58782E+01
 -2.76994E+01  +4.58835E+01
 -2.76971E+01  +4.59358E+01
 -2.76773E+01  +4.59846E+01
 -2.76020E+01  +4.59830E+01
 -2.75847E+01  +4.60719E+01
 -2.75723E+01  +4.61486E+01
 -2.75649E+01  +4.62131E+01
 -2.75120E+01  +4.62027E+01
 -2.74893E+01  +4.63037E+01
 -2.74868E+01  +4.63560E+01
 -2.74717E+01  +4.64850E+01
 -2.74463E+01  +4.66383E+01
 -2.74437E+01  +4.66906E+01
 -2.74360E+01  +4.67551E+01
 -2.73775E+01  +4.67568E+01
 -2.73774E+01  +4.68491E+01
 -2.73466E+01  +4.69223E+01
 -2.73336E+01  +4.69990E+01
 -2.73819E+01  +4.71140E+01
 -2.74407E+01  +4.72047E+01
 -2.74741E+01  +4.72640E+01
 -2.74612E+01  +4.73406E+01
 -2.74585E+01  +4.73929E+01
 -2.74636E+01  +4.74731E+01
 -2.74429E+01  +4.75219E+01
 -2.74480E+01  +4.76020E+01
 -2.74635E+01  +4.76578E+01
 -2.75644E+01  +4.76508E+01
 -2.75905E+01  +4.77746E+01
 -2.76218E+01  +4.78861E+01
 -2.76351E+01  +4.79942E+01
 -2.76536E+01  +4.80900E+01
 -2.77036E+01  +4.82050E+01
 -2.77118E+01  +4.83252E+01
 -2.77306E+01  +4.84210E+01
 -2.77494E+01  +4.85169E+01
 -2.77602E+01  +4.85848E+01
 -2.78895E+01  +4.86089E+01
 -2.80108E+01  +4.86050E+01
 -2.80353E+01  +4.86885E+01
 -2.80868E+01  +4.88034E+01
 -2.81622E+01  +4.89093E+01
 -2.82058E+01  +4.89962E+01
 -2.82631E+01  +4.90987E+01
 -2.83174E+01  +4.91611E+01
 -2.83530E+01  +4.92201E+01
 -2.84262E+01  +4.92858E+01
 -2.84518E+01  +4.93693E+01
 -2.84861E+01  +4.94806E+01
 -2.85446E+01  +4.95830E+01
 -2.85619E+01  +4.96386E+01
 -2.87183E+01  +4.96528E+01
 -2.88181E+01  +4.96570E+01
 -2.88686E+01  +4.97314E+01
 -2.88952E+01  +4.98148E+01
 -2.89600E+01  +4.99047E+01
 -2.89868E+01  +4.99880E+01
 -2.89947E+01  +5.00681E+01
 -2.90217E+01  +5.01515E+01
 -2.91265E+01  +5.01954E+01
 -2.91982E+01  +5.02206E+01
 -2.93218E+01  +5.03199E+01
 -2.94266E+01  +5.04159E+01
 -2.95081E+01  +5.04686E+01
 -2.95368E+01  +5.04995E+01
 -2.96619E+01  +5.05984E+01
 -2.97680E+01  +5.06941E+01
 -2.98309E+01  +5.07435E+01
 -2.98746E+01  +5.07897E+01
 -2.99085E+01  +5.08605E+01
 -2.99425E+01  +5.09313E+01
 -2.99815E+01  +5.09898E+01
 -2.99765E+01  +5.11067E+01
 -3.00010E+01  +5.12544E+01
 -2.99961E+01  +5.14236E+01
 -3.00010E+01  +5.16205E+01
 -3.00060E+01  +5.17652E+01
 -3.00110E+01  +5.18575E+01
 -3.00361E+01  +5.19528E+01
 -3.00262E+01  +5.20297E+01
 -3.03764E+01  +5.20568E+01
 -3.08074E+01  +5.20945E+01
 -3.10579E+01  +5.21048E+01
 -3.12684E+01  +5.21089E+01
 -3.12527E+01  +5.22628E+01
 -3.12651E+01  +5.23427E+01
 -3.12573E+01  +5.24197E+01
 -3.15817E+01  +5.24649E+01
 -3.18660E+01  +5.25038E+01
 -3.20535E+01  +5.25160E+01
 -3.23589E+01  +5.25564E+01
 -3.26486E+01  +5.25810E+01
 -3.28570E+01  +5.25946E+01
 -3.30204E+01  +5.26151E+01
 -3.33354E+01  +5.26281E+01
 -3.37119E+01  +5.26477E+01
 -3.41745E+01  +5.26630E+01
 -3.45719E+01  +5.26822E+01
 -3.49248E+01  +5.27080E+01
 -3.48837E+01  +5.27036E+01
 -3.50107E+01  +5.27044E+01
 -3.51376E+01  +5.27051E+01
 -3.51561E+01  +5.28611E+01
 -3.51613E+01  +5.29901E+01
 -3.51837E+01  +5.31336E+01
 -3.51828E+01  +5.32105E+01
 -3.53248E+01  +5.32380E+01
 -3.52818E+01  +5.33875E+01
 -3.52565E+01  +5.34747E+01
 -3.52457E+01  +5.35121E+01
 -3.54517E+01  +5.35459E+01
 -3.53950E+01  +5.36684E+01
 -3.53272E+01  +5.38282E+01
 -3.52698E+01  +5.39507E+01
 -3.52012E+01  +5.41105E+01
 -3.51469E+01  +5.42204E+01
 -3.51210E+01  +5.43076E+01
 -3.53132E+01  +5.43269E+01
 -3.54878E+01  +5.43313E+01
 -3.54123E+01  +5.45161E+01
 -3.53651E+01  +5.46781E+01
 -3.52890E+01  +5.47860E+01
 -3.52739E+01  +5.49127E+01
 -3.52120E+01  +5.49707E+01
 -3.53386E+01  +5.49959E+01
 -3.52508E+01  +5.51412E+01
 -3.51732E+01  +5.53259E+01
 -3.50804E+01  +5.54835E+01
 -3.49717E+01  +5.56909E+01
 -3.49006E+01  +5.57738E+01
 -3.48774E+01  +5.58485E+01
 -3.46376E+01  +5.58119E+01
 -3.46203E+01  +5.59386E+01
 -3.45583E+01  +5.60608E+01
 -3.45104E+01  +5.62101E+01
 -3.44927E+01  +5.63368E+01
 -3.44604E+01  +5.64363E+01
 -3.44402E+01  +5.64985E+01
 -3.43460E+01  +5.65020E+01
 -3.43214E+01  +5.65766E+01
 -3.42474E+01  +5.66592E+01
 -3.42185E+01  +5.67462E+01
 -3.40724E+01  +5.67388E+01
 -3.40430E+01  +5.67799E+01
 -3.40035E+01  +5.68274E+01
 -3.39781E+01  +5.69019E+01
 -3.37961E+01  +5.68833E+01
 -3.36824E+01  +5.68715E+01
 -3.35871E+01  +5.68745E+01
 -3.35662E+01  +5.70010E+01
 -3.35354E+01  +5.70880E+01
 -3.35090E+01  +5.71625E+01
 -3.34966E+01  +5.72643E+01
 -3.33773E+01  +5.72647E+01
 -3.32031E+01  +5.72849E+01
 -3.30703E+01  +5.74512E+01
 -3.30104E+01  +5.75480E+01
 -3.29641E+01  +5.76076E+01
 -3.29177E+01  +5.76671E+01
 -3.28065E+01  +5.76422E+01
 -3.27082E+01  +5.77735E+01
 -3.26188E+01  +5.78800E+01
 -3.24918E+01  +5.79566E+01
 -3.24724E+01  +5.80062E+01
 -3.22805E+01  +5.79979E+01
 -3.21225E+01  +5.81484E+01
 -3.19835E+01  +5.82492E+01
 -3.18723E+01  +5.83402E+01
 -3.17996E+01  +5.83967E+01
 -3.17451E+01  +5.84683E+01
 -3.15560E+01  +5.84466E+01
 -3.14274E+01  +5.85743E+01
 -3.13031E+01  +5.86896E+01
 -3.11780E+01  +5.88048E+01
 -3.10392E+01  +5.88923E+01
 -3.09770E+01  +5.89759E+01
 -3.07911E+01  +5.89408E+01
 -3.06466E+01  +5.90925E+01
 -3.04527E+01  +5.92383E+01
 -3.03055E+01  +5.93897E+01
 -3.01630E+01  +5.95286E+01
 -3.00429E+01  +5.96182E+01
 -2.98495E+01  +5.97508E+01
 -2.96362E+01  +5.98678E+01
 -2.95075E+01  +5.99692E+01
 -2.93717E+01  +6.00827E+01
>RI EU-NA (PB) MAX_DEPTH=25,25
 -1.57156E+01  +6.95499E+01
 -1.60335E+01  +6.92647E+01
 -1.62627E+01  +6.90379E+01
 -1.64874E+01  +6.88084E+01
 -1.71537E+01  +6.88649E+01
 -1.73917E+01  +6.86995E+01
 -1.78291E+01  +6.83998E+01
 -1.82203E+01  +6.80662E+01
 -1.84899E+01  +6.77376E+01
 -1.87562E+01  +6.74434E+01
 -1.90988E+01  +6.70581E+01
 -1.81180E+01  +6.69337E+01
 -1.82473E+01  +6.67807E+01
 -1.74735E+01  +6.66852E+01
 -1.77178E+01  +6.63645E+01
 -1.65068E+01  +6.62030E+01
 -1.66561E+01  +6.59435E+01
 -1.68594E+01  +6.56773E+01
 -1.70250E+01  +6.53793E+01
 -1.71410E+01  +6.49952E+01
 -1.73675E+01  +6.47367E+01
 -1.78218E+01  +6.44892E+01
 -1.86261E+01  +6.41823E+01
 -1.90407E+01  +6.39849E+01
 -1.92377E+01  +6.38625E+01
 -2.00967E+01  +6.39494E+01
 -2.07313E+01  +6.40171E+01
 -2.12976E+01  +6.40672E+01
 -2.20656E+01  +6.39224E+01
 -2.25374E+01  +6.38361E+01
 -2.28720E+01  +6.37673E+01
 -2.30586E+01  +6.36498E+01
 -2.33303E+01  +6.36508E+01
 -2.34873E+01  +6.35682E+01
 -2.37405E+01  +6.34737E+01
 -2.40095E+01  +6.33551E+01
 -2.42547E+01  +6.32297E+01
 -2.45193E+01  +6.31102E+01
 -2.47207E+01  +6.29922E+01
 -2.48881E+01  +6.29238E+01
 -2.50351E+01  +6.28003E+01
 -2.51564E+01  +6.27100E+01
 -2.53112E+01  +6.26137E+01
 -2.54487E+01  +6.26200E+01
 -2.56435E+01  +6.25031E+01
 -2.58748E+01  +6.23751E+01
 -2.61072E+01  +6.22373E+01
 -2.63089E+01  +6.21050E+01
 -2.65265E+01  +6.19392E+01
 -2.67680E+01  +6.18252E+01
 -2.70316E+01  +6.16654E+01
 -2.72257E+01  +6.15320E+01
 -2.73888E+01  +6.13976E+01
 -2.75817E+01  +6.12519E+01
 -2.78545E+01  +6.10664E+01
 -2.80237E+01  +6.09563E+01
 -2.81924E+01  +6.08483E+01
 -2.84077E+01  +6.07045E+01
 -2.86416E+01  +6.05661E+01
 -2.88286E+01  +6.04186E+01
 -2.89266E+01  +6.03334E+01
 -2.90285E+01  +6.03399E+01
 -2.91180E+01  +6.02731E+01
 -2.92245E+01  +6.01678E+01
 -2.93717E+01  +6.00827E+01
>RI IN-SO (PB) MAX_DEPTH=25,25
 +5.82392E+01  +1.27455E+01
 +5.80174E+01  +1.22835E+01
 +5.77963E+01  +1.18213E+01
 +5.75760E+01  +1.13589E+01
 +5.73564E+01  +1.08963E+01
 +5.71375E+01  +1.04336E+01
 +5.69192E+01  +9.97076E+00
 +5.69775E+01  +9.85724E+00
 +5.70289E+01  +9.85747E+00
 +5.72606E+01  +9.68141E+00
 +5.74906E+01  +9.94156E+00
 +5.80630E+01  +9.53244E+00
 +5.80184E+01  +9.45008E+00
 +5.82625E+01  +9.29259E+00
 +5.81476E+01  +9.08978E+00
 +5.84302E+01  +8.86262E+00
 +5.82514E+01  +8.64690E+00
 +5.86106E+01  +8.40075E+00
 +5.89183E+01  +8.16694E+00
 +5.88800E+01  +8.09719E+00
 +5.93092E+01  +7.76825E+00
 +5.92197E+01  +7.67308E+00
 +5.96997E+01  +7.31217E+00
 +6.01789E+01  +6.95076E+00
 +6.00383E+01  +6.76686E+00
 +6.06701E+01  +6.30983E+00
 +6.11417E+01  +5.90952E+00
 +6.16573E+01  +5.48967E+00
 +6.15293E+01  +5.26156E+00
 +6.19997E+01  +4.91131E+00
 +6.24568E+01  +4.52272E+00
 +6.30023E+01  +4.10805E+00
 +6.28678E+01  +3.89294E+00
 +6.33307E+01  +3.63067E+00
 +6.33882E+01  +3.70015E+00
 +6.38192E+01  +3.48212E+00
 +6.38898E+01  +3.60222E+00
 +6.46181E+01  +3.21695E+00
 +6.46822E+01  +3.29895E+00
 +6.52128E+01  +2.92078E+00
 +6.54890E+01  +3.29907E+00
 +6.59626E+01  +2.97150E+00
 +6.63795E+01  +2.75200E+00
 +6.61794E+01  +2.39253E+00
 +6.59923E+01  +2.05200E+00
 +6.63328E+01  +1.85871E+00
 +6.66728E+01  +1.62094E+00
 +6.64925E+01  +1.33138E+00
 +6.68698E+01  +1.06795E+00
 +6.66573E+01  +7.22009E-01
 +6.71594E+01  +3.37135E-01
 +6.68392E+01  -3.88400E-02
 +6.72089E+01  -3.39840E-01
 +6.70231E+01  -5.77879E-01
 +6.76620E+01  -1.03960E+00
 +6.73671E+01  -1.43996E+00
 +6.79291E+01  -1.91296E+00
 +6.77884E+01  -2.08765E+00
 +6.82490E+01  -2.54022E+00
 +6.78921E+01  -2.88800E+00
 +6.82702E+01  -3.35132E+00
 +6.86672E+01  -3.77068E+00
 +6.83485E+01  -4.11762E+00
 +6.87510E+01  -4.54877E+00
 +6.81985E+01  -5.04193E+00
 +6.86069E+01  -5.47188E+00
 +6.82191E+01  -5.89099E+00
 +6.77823E+01  -6.25933E+00
 +6.82738E+01  -6.81090E+00
>RI IN-AR (PB) MAX_DEPTH=25,25
 +6.02148E+01  +1.82397E+01
 +6.00619E+01  +1.74577E+01
 +6.00202E+01  +1.67126E+01
 +5.99642E+01  +1.61423E+01
 +5.99086E+01  +1.55721E+01
 +5.96423E+01  +1.52418E+01
 +5.94096E+01  +1.48951E+01
 +5.90337E+01  +1.50876E+01
 +5.85892E+01  +1.46460E+01
 +5.82131E+01  +1.49160E+01
 +5.79836E+01  +1.45994E+01
 +5.74762E+01  +1.46620E+01
 +5.70015E+01  +1.46601E+01
 +5.62652E+01  +1.46232E+01
>RI SO-AR (PB) MAX_DEPTH=25,25
 +5.62652E+01  +1.46232E+01
 +5.62079E+01  +1.46433E+01
 +5.61791E+01  +1.46213E+01
 +5.60574E+01  +1.46411E+01
 +5.58218E+01  +1.46923E+01
 +5.56685E+01  +1.47216E+01
 +5.56312E+01  +1.46814E+01
 +5.54800E+01  +1.47292E+01
 +5.52778E+01  +1.47885E+01
 +5.51084E+01  +1.48505E+01
 +5.50473E+01  +1.47116E+01
 +5.49576E+01  +1.47272E+01
 +5.47308E+01  +1.48010E+01
 +5.45489E+01  +1.48698E+01
 +5.45110E+01  +1.47601E+01
 +5.44505E+01  +1.46210E+01
 +5.43873E+01  +1.46399E+01
 +5.43319E+01  +1.46707E+01
 +5.42874E+01  +1.46814E+01
 +5.42493E+01  +1.46914E+01
 +5.41926E+01  +1.47096E+01
 +5.41494E+01  +1.47328E+01
 +5.40687E+01  +1.47722E+01
 +5.40177E+01  +1.46573E+01
 +5.39287E+01  +1.44894E+01
 +5.38625E+01  +1.43509E+01
 +5.38180E+01  +1.43615E+01
 +5.35790E+01  +1.44408E+01
 +5.33584E+01  +1.45118E+01
 +5.32202E+01  +1.45623E+01
 +5.32113E+01  +1.45379E+01
 +5.31222E+01  +1.45586E+01
 +5.29071E+01  +1.46221E+01
 +5.27370E+01  +1.46813E+01
 +5.26672E+01  +1.45615E+01
 +5.25469E+01  +1.45972E+01
 +5.22992E+01  +1.46625E+01
 +5.21389E+01  +1.46887E+01
 +5.19400E+01  +1.43530E+01
 +5.17625E+01  +1.40283E+01
 +5.15698E+01  +1.36673E+01
 +5.14487E+01  +1.34576E+01
 +5.13429E+01  +1.32718E+01
 +5.12532E+01  +1.31223E+01
 +5.10790E+01  +1.31923E+01
 +5.08416E+01  +1.32794E+01
 +5.06615E+01  +1.33618E+01
 +5.05730E+01  +1.32181E+01
 +5.04294E+01  +1.32725E+01
 +5.03102E+01  +1.33125E+01
 +5.02524E+01  +1.32290E+01
 +5.01673E+01  +1.31225E+01
 +5.00614E+01  +1.31675E+01
 +4.98491E+01  +1.32512E+01
 +4.96800E+01  +1.33128E+01
 +4.95926E+01  +1.31686E+01
 +4.94721E+01  +1.30078E+01
 +4.94296E+01  +1.30419E+01
 +4.93490E+01  +1.28973E+01
 +4.92784E+01  +1.28019E+01
 +4.90705E+01  +1.28528E+01
 +4.88820E+01  +1.29084E+01
 +4.88025E+01  +1.27698E+01
 +4.86992E+01  +1.26576E+01
 +4.85671E+01  +1.26906E+01
 +4.84479E+01  +1.27289E+01
 +4.83487E+01  +1.25726E+01
 +4.82675E+01  +1.26023E+01
 +4.81420E+01  +1.26407E+01
 +4.80479E+01  +1.26710E+01
 +4.79914E+01  +1.25807E+01
 +4.79014E+01  +1.24611E+01
 +4.77883E+01  +1.24923E+01
 +4.76494E+01  +1.25185E+01
 +4.75875E+01  +1.24409E+01
 +4.75389E+01  +1.23687E+01
 +4.73190E+01  +1.24301E+01
 +4.71613E+01  +1.24630E+01
 +4.71303E+01  +1.23587E+01
 +4.70489E+01  +1.23877E+01
 +4.69923E+01  +1.24030E+01
 +4.69297E+01  +1.23002E+01
 +4.68487E+01  +1.22108E+01
 +4.67168E+01  +1.22482E+01
 +4.65789E+01  +1.22921E+01
 +4.65108E+01  +1.22019E+01
 +4.64290E+01  +1.20875E+01
 +4.63107E+01  +1.21425E+01
 +4.61976E+01  +1.21724E+01
 +4.61503E+01  +1.21123E+01
 +4.61097E+01  +1.20581E+01
 +4.58509E+01  +1.21002E+01
 +4.56496E+01  +1.21519E+01
 +4.56372E+01  +1.21586E+01
 +4.56018E+01  +1.20730E+01
 +4.55218E+01  +1.19829E+01
 +4.54280E+01  +1.20176E+01
 +4.53277E+01  +1.20525E+01
 +4.52811E+01  +1.19983E+01
 +4.50969E+01  +1.19989E+01
 +4.49132E+01  +1.20116E+01
 +4.48817E+01  +1.20189E+01
 +4.47802E+01  +1.20224E+01
 +4.45131E+01  +1.20126E+01
 +4.40493E+01  +1.20080E+01
 +4.36495E+01  +1.20127E+01
 +4.28413E+01  +1.17950E+01
 +4.20332E+01  +1.15772E+01
>RI AF-AR (PB) MAX_DEPTH=25,25
 +3.92978E+01  +1.90298E+01
 +3.88261E+01  +1.94475E+01
 +3.83957E+01  +1.99075E+01
 +3.80745E+01  +2.03891E+01
 +3.79747E+01  +2.10213E+01
 +3.78253E+01  +2.18434E+01
 +3.75398E+01  +2.24945E+01
 +3.70425E+01  +2.32259E+01
 +3.65711E+01  +2.36392E+01
 +3.64073E+01  +2.41327E+01
 +3.62422E+01  +2.46260E+01
 +3.60661E+01  +2.50553E+01
 +3.58888E+01  +2.54844E+01
 +3.55456E+01  +2.59191E+01
 +3.51999E+01  +2.63530E+01
 +3.48748E+01  +2.68078E+01
 +3.45470E+01  +2.72619E+01
 +3.42569E+01  +2.78853E+01
 +3.44280E+01  +2.84143E+01
 +3.46009E+01  +2.89431E+01
 +3.47755E+01  +2.94717E+01
 +3.49519E+01  +3.00000E+01
>RI AR-AF (PB) MAX_DEPTH=25,25
 +3.92978E+01  +1.90298E+01
 +3.95899E+01  +1.84193E+01
 +3.99867E+01  +1.79494E+01
 +4.03313E+01  +1.72662E+01
 +4.02512E+01  +1.67851E+01
 +4.01716E+01  +1.63040E+01
 +3.96707E+01  +1.57716E+01
 +3.97767E+01  +1.51377E+01
 +4.00263E+01  +1.47192E+01
 +4.02750E+01  +1.43005E+01
 +4.06140E+01  +1.37417E+01
 +4.00912E+01  +1.32094E+01
 +4.05071E+01  +1.25998E+01
 +4.08568E+01  +1.22055E+01
 +4.12055E+01  +1.18107E+01
 +4.16487E+01  +1.21890E+01
 +4.20332E+01  +1.15772E+01
>FZ SB-WL (PB) MAX_DEPTH=100,100
 +1.43743E+02  -3.46045E+00
 +1.44079E+02  -3.76571E+00
 +1.44416E+02  -4.00368E+00
 +1.44583E+02  -4.37576E+00
 +1.44733E+02  -4.69723E+00
 +1.44867E+02  -4.96807E+00
 +1.45007E+02  -5.20188E+00
 +1.45505E+02  -5.76218E+00
>FZ PS-MA (PB) MAX_DEPTH=100,100
 +1.42257E+02  +2.30091E+01
 +1.42572E+02  +2.33552E+01
 +1.42886E+02  +2.37012E+01
>FZ PS-MA (PB) MAX_DEPTH=100,0
 +1.42572E+02  +2.33552E+01
 +1.42886E+02  +2.37012E+01
 +1.43522E+02  +2.43908E+01
>FZ AU-CR (PB) MAX_DEPTH=100,100
 +1.75590E+02  -2.01887E+01
 +1.75828E+02  -2.06294E+01
 +1.76121E+02  -2.11655E+01
 +1.75733E+02  -2.14216E+01
>FZ BR-CR (PB) MAX_DEPTH=100,100
 +1.73901E+02  -1.68493E+01
 +1.74503E+02  -1.65632E+01
 +1.74885E+02  -1.68728E+01
 +1.75107E+02  -1.67480E+01
 +1.75226E+02  -1.67409E+01
 +1.75381E+02  -1.66289E+01
 +1.75487E+02  -1.66218E+01
 +1.75612E+02  -1.65860E+01
 +1.75893E+02  -1.65582E+01
 +1.76184E+02  -1.65521E+01
>FZ BR-AU (PB) MAX_DEPTH=100,100
 +1.76184E+02  -1.65521E+01
 +1.76377E+02  -1.65690E+01
 +1.76545E+02  -1.65574E+01
 +1.76671E+02  -1.65527E+01
 +1.76790E+02  -1.65447E+01
 +1.76883E+02  -1.65435E+01
 +1.76949E+02  -1.65235E+01
 +1.77035E+02  -1.65159E+01
 +1.77130E+02  -1.65049E+01
 +1.77190E+02  -1.65040E+01
 +1.77269E+02  -1.65059E+01
 +1.77412E+02  -1.65099E+01
 +1.77414E+02  -1.63005E+01
 +1.77345E+02  -1.63016E+01
 +1.77400E+02  -1.62119E+01
 +1.77588E+02  -1.62245E+01
 +1.77721E+02  -1.62285E+01
 +1.77806E+02  -1.62269E+01
 +1.77876E+02  -1.62224E+01
 +1.78007E+02  -1.61723E+01
 +1.78086E+02  -1.61485E+01
 +1.78171E+02  -1.61151E+01
 +1.78283E+02  -1.61096E+01
 +1.78402E+02  -1.61039E+01
 +1.78491E+02  -1.60924E+01
 +1.78524E+02  -1.59838E+01
 +1.78562E+02  -1.58973E+01
>FZ BR-AU (PB) MAX_DEPTH=100,100
 +1.78562E+02  -1.58973E+01
 +1.78936E+02  -1.58124E+01
 +1.79332E+02  -1.57295E+01
 +1.79614E+02  -1.56775E+01
 +1.79890E+02  -1.56538E+01
 -1.79739E+02  -1.55422E+01
>FZ PA-BR (PB) MAX_DEPTH=100,100
 +1.77417E+02  -1.40551E+01
 +1.78029E+02  -1.43090E+01
 +1.78469E+02  -1.45006E+01
 +1.79012E+02  -1.47838E+01
 +1.79389E+02  -1.49750E+01
 +1.79790E+02  -1.52177E+01
 -1.79739E+02  -1.55422E+01
>FZ FT-PA (PB) MAX_DEPTH=100,100
 -1.76346E+02  -1.46340E+01
 -1.76880E+02  -1.46708E+01
 -1.77415E+02  -1.47064E+01
 -1.77746E+02  -1.46461E+01
 -1.78240E+02  -1.43166E+01
 -1.78733E+02  -1.39861E+01
 -1.78768E+02  -1.42304E+01
 -1.78888E+02  -1.42241E+01
 -1.79048E+02  -1.49275E+01
 -1.79288E+02  -1.49356E+01
 -1.79444E+02  -1.55268E+01
 -1.79739E+02  -1.55422E+01
>FZ KE-TO (PB) MAX_DEPTH=0,25
 -1.74985E+02  -2.37499E+01
 -1.75691E+02  -2.38526E+01
 -1.76356E+02  -2.39520E+01
 -1.76887E+02  -2.40295E+01
 -1.77419E+02  -2.41051E+01
>FZ KE-AU MAX_DEPTH=25,0
 +1.74632E+02  -4.11571E+01
 +1.74763E+02  -4.15656E+01
 +1.74945E+02  -4.17569E+01
 +1.75503E+02  -4.20593E+01
>FZ PA-AU (PB) MAX_DEPTH=100,100
  159.1730  -59.5177
 +1.59803E+02  -6.00055E+01
 +1.60327E+02  -6.05039E+01
 +1.60740E+02  -6.10526E+01
 +1.61129E+02  -6.13842E+01
 +1.61228E+02  -6.14567E+01
>FZ AU-PA (PB) MAX_DEPTH=100,100
  167.7755  -44.1260
 +1.68770E+02  -4.40215E+01
 +1.69136E+02  -4.38453E+01
 +1.69647E+02  -4.35943E+01
 +1.70103E+02  -4.33578E+01
 +1.70638E+02  -4.30879E+01
 +1.70995E+02  -4.29318E+01
 +1.71277E+02  -4.27430E+01
 +1.71473E+02  -4.26755E+01
 +1.71859E+02  -4.26156E+01
 +1.72593E+02  -4.24830E+01
 +1.73126E+02  -4.23917E+01
 +1.73724E+02  -4.22908E+01
 +1.74304E+02  -4.22013E+01
 +1.74988E+02  -4.21219E+01
 +1.75503E+02  -4.20593E+01
>FZ PA-AU (PB) MAX_DEPTH=100,100
 +1.62453E+02  -5.06679E+01
 +1.62273E+02  -5.08174E+01
 +1.62049E+02  -5.09621E+01
 +1.61825E+02  -5.11182E+01
 +1.61716E+02  -5.11921E+01
 +1.61542E+02  -5.13988E+01
 +1.61368E+02  -5.15421E+01
 +1.61162E+02  -5.17508E+01
 +1.61026E+02  -5.19244E+01
 +1.60762E+02  -5.21656E+01
 +1.60671E+02  -5.22918E+01
 +1.60535E+02  -5.24327E+01
 +1.60342E+02  -5.26336E+01
 +1.60092E+02  -5.28217E+01
 +1.59905E+02  -5.29907E+01
 +1.59731E+02  -5.31704E+01
 +1.59512E+02  -5.33452E+01
 +1.59318E+02  -5.35980E+01
 +1.59216E+02  -5.36195E+01
 +1.59142E+02  -5.38122E+01
 +1.58985E+02  -5.40883E+01
 +1.58885E+02  -5.43080E+01
 +1.58740E+02  -5.45589E+01
 +1.58674E+02  -5.46894E+01
 +1.58618E+02  -5.49279E+01
 +1.58596E+02  -5.50467E+01
 +1.58540E+02  -5.52724E+01
 +1.58465E+02  -5.55216E+01
 +1.58332E+02  -5.57793E+01
 +1.58226E+02  -5.60216E+01
 +1.58153E+02  -5.61647E+01
>FZ NZ-PM (PB) MAX_DEPTH=100,100
 -7.86463E+01  +7.33731E+00
 -7.87511E+01  +7.32893E+00
 -7.89818E+01  +7.31874E+00
 -7.92402E+01  +7.30109E+00
 -7.94697E+01  +7.22831E+00
 -7.96576E+01  +7.18385E+00
 -7.98456E+01  +7.16010E+00
 -8.00958E+01  +7.10068E+00
 -8.02498E+01  +7.13273E+00
 -8.03628E+01  +7.22073E+00
 -8.05391E+01  +7.33519E+00
 -8.06870E+01  +7.41545E+00
 -8.07835E+01  +7.35838E+00
 -8.08937E+01  +7.29417E+00
 -8.10385E+01  +7.22241E+00
 -8.11628E+01  +7.17174E+00
 -8.13423E+01  +7.09933E+00
 -8.14874E+01  +7.05516E+00
 -8.15843E+01  +7.03949E+00
 -8.17410E+01  +7.06054E+00
 -8.18886E+01  +6.97836E+00
 -8.19436E+01  +6.94971E+00
 -8.20896E+01  +6.96742E+00
 -8.21252E+01  +7.00801E+00
 -8.22021E+01  +7.04084E+00
 -8.22734E+01  +7.12881E+00
 -8.23385E+01  +7.25127E+00
 -8.24920E+01  +7.29605E+00
 -8.26171E+01  +7.30701E+00
 -8.26857E+01  +7.27797E+00
 -8.27482E+01  +7.28342E+00
 -8.28110E+01  +7.30260E+00
 -8.28748E+01  +7.36639E+00
  -82.8748    7.8494
>FZ NA-RI (PB) MAX_DEPTH=100,100
 -1.08582E+02  +2.19047E+01
 -1.08397E+02  +2.18348E+01
 -1.08114E+02  +2.17200E+01
 -1.07928E+02  +2.16861E+01
 -1.07774E+02  +2.17397E+01
 -1.07586E+02  +2.17417E+01
 -1.07393E+02  +2.17478E+01
 -1.07171E+02  +2.17522E+01
 -1.07046E+02  +2.17536E+01
 -1.06890E+02  +2.17992E+01
>FZ NA-PA (PB) MAX_DEPTH=100,100
 -1.24163E+02  +3.99142E+01
 -1.23890E+02  +3.94388E+01
 -1.23597E+02  +3.89971E+01
 -1.23305E+02  +3.85406E+01
 -1.22696E+02  +3.78740E+01
 -1.22380E+02  +3.75270E+01
 -1.22005E+02  +3.72048E+01
 -1.21305E+02  +3.66983E+01
 -1.20897E+02  +3.63377E+01
 -1.20438E+02  +3.59102E+01
 -1.19936E+02  +3.54502E+01
 -1.19329E+02  +3.49812E+01
 -1.18912E+02  +3.48373E+01
 -1.18400E+02  +3.46580E+01
 -1.18072E+02  +3.45641E+01
 -1.17746E+02  +3.44412E+01
 -1.17507E+02  +3.43498E+01
 -1.17159E+02  +3.41811E+01
 -1.16660E+02  +3.40424E+01
 -1.16209E+02  +3.37711E+01
 -1.15773E+02  +3.34211E+01
>FZ NA-PA (PB) MAX_DEPTH=100,100
 -1.44977E+02  +5.95759E+01
 -1.44316E+02  +5.99182E+01
 -1.43332E+02  +6.02057E+01
 -1.42405E+02  +6.04650E+01
 -1.41598E+02  +6.04009E+01
 -1.41074E+02  +6.03099E+01
 -1.40128E+02  +6.03809E+01
 -1.39396E+02  +6.00897E+01
 -1.38860E+02  +5.97619E+01
 -1.38353E+02  +5.93357E+01
 -1.37819E+02  +5.89251E+01
 -1.37107E+02  +5.84379E+01
 -1.36895E+02  +5.80895E+01
 -1.36522E+02  +5.76342E+01
 -1.36209E+02  +5.71178E+01
 -1.35903E+02  +5.66210E+01
 -1.35429E+02  +5.61024E+01
 -1.35180E+02  +5.58186E+01
 -1.34669E+02  +5.53165E+01
 -1.34151E+02  +5.48122E+01
 -1.33840E+02  +5.43774E+01
 -1.33426E+02  +5.39241E+01
 -1.33093E+02  +5.35217E+01
 -1.32714E+02  +5.31270E+01
 -1.32169E+02  +5.26971E+01
 -1.31592E+02  +5.22591E+01
 -1.31177E+02  +5.18858E+01
 -1.30850E+02  +5.16121E+01
>FZ OK-PS (PB) MAX_DEPTH=25,0
 +1.38674E+02  +3.50337E+01
 +1.39234E+02  +3.50141E+01
 +1.39429E+02  +3.48599E+01
 +1.39923E+02  +3.47126E+01
 +1.40440E+02  +3.46310E+01
 +1.40870E+02  +3.45295E+01
 +1.41104E+02  +3.44389E+01
 +1.41441E+02  +3.43565E+01
 +1.41883E+02  +3.42127E+01
>FZ SC-AN (PB) MAX_DEPTH=100,100
 -5.89698E+01  -5.97285E+01
 -5.82230E+01  -5.99993E+01
 -5.69250E+01  -6.05647E+01
 -5.62692E+01  -6.07422E+01
 -5.58097E+01  -6.07001E+01
 -5.50666E+01  -6.07631E+01
 -5.43090E+01  -6.09776E+01
 -5.43007E+01  -6.15102E+01
 -5.31221E+01  -6.10366E+01
 -5.20681E+01  -6.07527E+01
 -5.11194E+01  -6.05725E+01
 -5.08871E+01  -6.00936E+01
 -4.95994E+01  -6.00436E+01
 -4.82507E+01  -5.99684E+01
 -4.69632E+01  -5.99598E+01
 -4.56034E+01  -6.00915E+01
 -4.42259E+01  -6.02425E+01
 -4.31509E+01  -6.03761E+01
 -4.20674E+01  -6.05010E+01
 -4.12136E+01  -6.09750E+01
 -3.98270E+01  -6.06340E+01
 -3.90930E+01  -6.10180E+01
 -3.75605E+01  -6.12433E+01
 -3.64181E+01  -6.13920E+01
 -3.48252E+01  -6.09895E+01
 -3.34464E+01  -6.07009E+01
 -3.23670E+01  -6.04089E+01
>FZ SC-SA (PB) MAX_DEPTH=100,100
-3.37338E+01  -5.44603E+01
 -3.33551E+01  -5.48600E+01
 -3.30577E+01  -5.54580E+01
 -3.36911E+01  -5.56050E+01
 -3.45912E+01  -5.57295E+01
 -3.61083E+01  -5.56416E+01
 -3.68460E+01  -5.52149E+01
 -3.78103E+01  -5.50862E+01
 -3.87149E+01  -5.48532E+01
 -3.97112E+01  -5.46334E+01
 -4.06597E+01  -5.43972E+01
 -4.15971E+01  -5.41536E+01
 -4.24101E+01  -5.38797E+01
 -4.32125E+01  -5.36003E+01
 -4.42095E+01  -5.32697E+01
 -4.51910E+01  -5.29309E+01
 -4.64141E+01  -5.28301E+01
 -4.76626E+01  -5.26907E+01
 -4.91626E+01  -5.26640E+01
 -5.06713E+01  -5.27100E+01
 -5.21759E+01  -5.28726E+01
 -5.33821E+01  -5.32094E+01
 -5.47413E+01  -5.34060E+01
 -5.55965E+01  -5.35304E+01
 -5.64567E+01  -5.36486E+01
 -5.77500E+01  -5.36260E+01
 -5.92458E+01  -5.35981E+01
 -6.05322E+01  -5.36735E+01
 -6.19330E+01  -5.38100E+01
 -6.28208E+01  -5.39171E+01
 -6.37131E+01  -5.40177E+01
 -6.47880E+01  -5.41726E+01
 -6.58708E+01  -5.43178E+01
 -6.74040E+01  -5.43941E+01
 -6.89886E+01  -5.44297E+01
 -6.98669E+01  -5.42309E+01
 -7.05127E+01  -5.40994E+01
 -7.12906E+01  -5.39225E+01
>FZ SC-SA (PB) MAX_DEPTH=100,0
 -7.12906E+01  -5.39225E+01
 -7.20816E+01  -5.37183E+01
 -7.30105E+01  -5.33135E+01
 -7.40351E+01  -5.29111E+01
 -7.49956E+01  -5.25564E+01
 -7.57435E+01  -5.23147E+01
 -7.64833E+01  -5.20684E+01
>FZ AN-SA (PB) MAX_DEPTH=100,100
 -1.95812E+01  -6.08108E+01
 -2.06510E+01  -6.07817E+01
 -2.17186E+01  -6.07441E+01
 -2.29137E+01  -6.07232E+01
 -2.41069E+01  -6.06917E+01
 -2.50935E+01  -6.05450E+01
 -2.55E+01  -6.03910E+01
>FZ CA-SA (PB) MAX_DEPTH=100,100
 -6.79613E+01  +1.04995E+01
 -6.74989E+01  +1.05924E+01
 -6.68695E+01  +1.06666E+01
 -6.64366E+01  +1.06624E+01
 -6.59643E+01  +1.06528E+01
 -6.55257E+01  +1.06153E+01
 -6.51209E+01  +1.05999E+01
 -6.49970E+01  +1.05392E+01
 -6.45077E+01  +1.04740E+01
 -6.42099E+01  +1.05194E+01
 -6.38782E+01  +1.05316E+01
 -6.32327E+01  +1.05091E+01
 -6.26409E+01  +1.04818E+01
 -6.21579E+01  +1.04585E+01
 -6.15422E+01  +1.04273E+01
 -6.09266E+01  +1.03949E+01
 -6.04573E+01  +1.03453E+01
 -5.99882E+01  +1.02951E+01
>FZ CA-ND (PB) MAX_DEPTH=100,100
 -7.66840E+01  +8.73130E+00
 -7.67013E+01  +9.01654E+00
 -7.67056E+01  +9.37852E+00
 -7.67033E+01  +9.76145E+00
 -7.65944E+01  +1.00900E+01
 -7.64559E+01  +1.03285E+01
 -7.62748E+01  +1.05744E+01
 -7.60645E+01  +1.07650E+01
 -7.59050E+01  +1.10873E+01
 -7.56313E+01  +1.13900E+01
 -7.53703E+01  +1.15948E+01
 -7.51228E+01  +1.17645E+01
 -7.47964E+01  +1.19138E+01
 -7.44764E+01  +1.20208E+01
 -7.43066E+01  +1.22243E+01
 -7.40577E+01  +1.23863E+01
 -7.38738E+01  +1.27431E+01
 -7.36320E+01  +1.30583E+01
 -7.33032E+01  +1.32898E+01
 -7.29161E+01  +1.33675E+01
 -7.24282E+01  +1.34097E+01
 -7.18397E+01  +1.34647E+01
 -7.11949E+01  +1.35029E+01
 -7.09525E+01  +1.34376E+01
 -7.06594E+01  +1.33101E+01
 -7.04957E+01  +1.31623E+01
 -7.01827E+01  +1.29296E+01
 -6.98634E+01  +1.26685E+01
 -6.95944E+01  +1.24496E+01
 -6.93478E+01  +1.21751E+01
 -6.90241E+01  +1.18437E+01
 -6.87297E+01  +1.15126E+01
 -6.83792E+01  +1.11736E+01
 -6.80865E+01  +1.08145E+01
 -6.79613E+01  +1.04995E+01
>FZ CA-NA (PB) MAX_DEPTH=50,0
 -7.32385E+01  +2.02913E+01
 -7.39942E+01  +2.01659E+01
 -7.47486E+01  +2.00372E+01
 -7.52388E+01  +1.99902E+01
 -7.57287E+01  +1.99419E+01
 -7.63564E+01  +1.98453E+01
 -7.69834E+01  +1.97465E+01
 -7.76726E+01  +1.96228E+01
 -7.83607E+01  +1.94965E+01
 -7.90110E+01  +1.93815E+01
 -7.96604E+01  +1.92642E+01
 -8.02095E+01  +1.91597E+01
 -8.07579E+01  +1.90536E+01
 -8.12563E+01  +1.89598E+01
 -8.17541E+01  +1.88647E+01
 -8.16893E+01  +1.83332E+01
 -8.16248E+01  +1.78016E+01
 -8.22442E+01  +1.76907E+01
 -8.28646E+01  +1.76257E+01
 -8.37058E+01  +1.74809E+01
 -8.42479E+01  +1.73440E+01
 -8.49097E+01  +1.71066E+01
 -8.56714E+01  +1.69110E+01
 -8.63195E+01  +1.66945E+01
 -8.69661E+01  +1.64759E+01
 -8.77228E+01  +1.62506E+01
 -8.83510E+01  +1.59583E+01
 -8.88764E+01  +1.56222E+01
 -8.93716E+01  +1.52150E+01
 -8.97180E+01  +1.48151E+01
 -9.00373E+01  +1.43923E+01
 -9.04260E+01  +1.39172E+01
 -9.08103E+01  +1.33941E+01
 -9.08980E+01  +1.25837E+01
>FZ EU-IN (PB) MAX_DEPTH=100,100
 +6.50282E+01  +2.43824E+01
 +6.54921E+01  +2.46201E+01
 +6.59578E+01  +2.48564E+01
 +6.65296E+01  +2.51787E+01
 +6.71044E+01  +2.54987E+01
 +6.72681E+01  +2.59839E+01
 +6.72526E+01  +2.65184E+01
 +6.72478E+01  +2.70854E+01
 +6.73322E+01  +2.79115E+01
 +6.73421E+01  +2.84041E+01
 +6.72397E+01  +2.85731E+01
 +6.72767E+01  +2.93768E+01
 +6.73011E+01  +2.97948E+01
 +6.78492E+01  +3.00735E+01
 +6.83105E+01  +2.98780E+01
 +6.86795E+01  +2.92090E+01
 +6.90855E+01  +2.90959E+01
 +6.98806E+01  +2.92618E+01
 +7.00995E+01  +2.98402E+01
 +7.01783E+01  +3.04230E+01
 +7.02580E+01  +3.10057E+01
 +7.01010E+01  +3.14594E+01
 +6.99425E+01  +3.19130E+01
 +7.04394E+01  +3.24310E+01
 +7.09421E+01  +3.29471E+01
 +7.13920E+01  +3.34768E+01
 +7.18474E+01  +3.40048E+01
 +7.24591E+01  +3.46822E+01
>FZ IN-EU (PB) MAX_DEPTH=100,100
 +9.64061E+01  +1.51355E+01
 +9.64193E+01  +1.53962E+01
 +9.64472E+01  +1.60034E+01
 +9.64697E+01  +1.66438E+01
 +9.64661E+01  +1.74351E+01
 +9.64207E+01  +1.79816E+01
 +9.63414E+01  +1.87048E+01
 +9.62254E+01  +1.94119E+01
 +9.60158E+01  +2.00399E+01
 +9.59427E+01  +2.09001E+01
 +9.59183E+01  +2.16810E+01
 +9.59181E+01  +2.23522E+01
 +9.59093E+01  +2.30150E+01
 +9.59691E+01  +2.37605E+01
 +9.61173E+01  +2.44801E+01
 +9.63104E+01  +2.51336E+01
 +9.65813E+01  +2.56469E+01
 +9.69056E+01  +2.62874E+01
 +9.71304E+01  +2.68202E+01
 +9.73465E+01  +2.72411E+01
 +9.74711E+01  +2.77024E+01
 +9.73484E+01  +2.80826E+01
>FZ AR-IN (PB) MAX_DEPTH=100,100
 +6.02148E+01  +1.82397E+01
 +6.04564E+01  +1.87983E+01
 +6.07122E+01  +1.93057E+01
 +6.09696E+01  +1.98127E+01
 +6.12301E+01  +2.02303E+01
 +6.14919E+01  +2.06443E+01
 +6.18481E+01  +2.11258E+01
 +6.20963E+01  +2.14249E+01
 +6.21325E+01  +2.20828E+01
 +6.25025E+01  +2.23850E+01
 +6.28772E+01  +2.26830E+01
 +6.36313E+01  +2.32008E+01
 +6.42754E+01  +2.36936E+01
 +6.46511E+01  +2.40383E+01
 +6.50282E+01  +2.43824E+01
>FZ AR-AF (PB) MAX_DEPTH=100,100
 +3.64134E+01  +3.60232E+01
 +3.64315E+01  +3.57522E+01
 +3.63960E+01  +3.52854E+01
 +3.63249E+01  +3.44818E+01
 +3.60242E+01  +3.40961E+01
 +3.57262E+01  +3.37097E+01
 +3.56483E+01  +3.32325E+01
 +3.55713E+01  +3.27553E+01
 +3.54701E+01  +3.20035E+01
 +3.53089E+01  +3.13833E+01
 +3.51417E+01  +3.07025E+01
 +3.49519E+01  +3.00000E+01
>FZ AT-AR MAX_DEPTH=100,100
 +3.64134E+01  +3.60232E+01
 +3.63892E+01  +3.62596E+01
 +3.64665E+01  +3.67303E+01
 +3.67895E+01  +3.73979E+01
 +3.70832E+01  +3.75118E+01
 +3.76822E+01  +3.78337E+01
 +3.80417E+01  +3.79941E+01
 +3.83652E+01  +3.81214E+01
 +3.88565E+01  +3.83141E+01
 +3.94017E+01  +3.84970E+01
 +4.01627E+01  +3.87681E+01
 +4.06242E+01  +3.88568E+01
 +4.10015E+01  +3.90799E+01
>FZ AR-EU MAX_DEPTH=100,100
 +5.71214E+01  +2.55518E+01
 +5.70570E+01  +2.60485E+01
 +5.69921E+01  +2.65452E+01
 +5.68753E+01  +2.73007E+01
 +5.64233E+01  +2.73685E+01
 +5.56618E+01  +2.69471E+01
 +5.47283E+01  +2.66679E+01
 +5.38601E+01  +2.67173E+01
 +5.32406E+01  +2.71213E+01
 +5.25038E+01  +2.75611E+01
 +5.19120E+01  +2.79573E+01
 +5.12830E+01  +2.84873E+01
 +5.09981E+01  +2.90719E+01
 +5.10573E+01  +2.95780E+01
 +5.04526E+01  +3.01031E+01
 +4.99740E+01  +3.04532E+01
 +4.94919E+01  +3.08016E+01
 +4.92649E+01  +3.12117E+01
 +4.90360E+01  +3.16214E+01
 +4.84892E+01  +3.22374E+01
 +4.81702E+01  +3.23082E+01
 +4.77702E+01  +3.23111E+01
 +4.74107E+01  +3.24479E+01
 +4.66076E+01  +3.28874E+01
 +4.59177E+01  +3.33905E+01
 +4.55052E+01  +3.38933E+01
 +4.50000E+01  +3.45906E+01
>FZ EU-AR MAX_DEPTH=100,100
 +4.10015E+01  +3.90799E+01
 +4.10262E+01  +3.88487E+01
 +4.12363E+01  +3.86156E+01
 +4.18391E+01  +3.83551E+01
 +4.22891E+01  +3.82127E+01
 +4.27973E+01  +3.79905E+01
 +4.31758E+01  +3.76850E+01
 +4.36475E+01  +3.74066E+01
 +4.40195E+01  +3.70984E+01
 +4.43568E+01  +3.65716E+01
 +4.45148E+01  +3.60150E+01
 +4.46705E+01  +3.54581E+01
 +4.48361E+01  +3.50245E+01
 +4.50000E+01  +3.45906E+01
>FZ AT-EU (PB) MAX_DEPTH=100,100
 +4.10015E+01  +3.90799E+01
 +4.04492E+01  +3.93925E+01
 +3.98920E+01  +3.97025E+01
 +3.92684E+01  +3.99087E+01
 +3.87948E+01  +4.00091E+01
 +3.80213E+01  +4.02690E+01
 +3.70620E+01  +4.06003E+01
 +3.61686E+01  +4.08487E+01
 +3.55272E+01  +4.10018E+01
 +3.48317E+01  +4.11231E+01
 +3.42864E+01  +4.11587E+01
 +3.34053E+01  +4.10231E+01
 +3.23925E+01  +4.08601E+01
 +3.14817E+01  +4.06786E+01
 +3.11161E+01  +4.06149E+01
 +3.07745E+01  +4.06010E+01
 +3.00071E+01  +4.07682E+01
 +2.90302E+01  +4.06861E+01
 +2.87245E+01  +4.06679E+01
 +2.79873E+01  +4.06176E+01
 +2.75677E+01  +4.06400E+01
 +2.72559E+01  +4.07892E+01
 +2.65968E+01  +4.05532E+01
 +2.60097E+01  +4.03255E+01
 +2.54165E+01  +4.01564E+01
>FZ AS-EU (PB) MAX_DEPTH=100,100
 +2.54165E+01  +4.01564E+01
 +2.49310E+01  +4.00922E+01
 +2.45595E+01  +4.00554E+01
 +2.40022E+01  +3.99178E+01
 +2.37866E+01  +3.97204E+01
 +2.34634E+01  +3.92869E+01
 +2.32120E+01  +3.89484E+01
 +2.29546E+01  +3.85990E+01
 +2.27272E+01  +3.82713E+01
 +2.21637E+01  +3.83553E+01
 +2.15822E+01  +3.84205E+01
 +2.10967E+01  +3.84389E+01
 +2.04374E+01  +3.84712E+01
 +2.02819E+01  +3.81148E+01
 +2.03001E+01  +3.78039E+01
